SL2.40ch00 0 1000000 0.52,0.04,0.41,0.03
SL2.40ch00 1000000 2000000 0.63,0.05,0.31,0.01
SL2.40ch00 2000000 3000000 0.55,0.05,0.37,0.03
SL2.40ch00 3000000 4000000 0.62,0.06,0.28,0.04
SL2.40ch00 4000000 5000000 0.56,0.04,0.38,0.02
SL2.40ch00 5000000 6000000 0.65,0.03,0.32,0
SL2.40ch00 6000000 7000000 0.6,0.03,0.35,0.02
SL2.40ch00 7000000 8000000 0.53,0.03,0.38,0.06
SL2.40ch00 8000000 9000000 0.42,0.06,0.46,0.06
SL2.40ch00 9000000 10000000 0.46,0.09,0.4,0.05
SL2.40ch00 10000000 11000000 0.47,0.08,0.44,0.01
SL2.40ch00 11000000 12000000 0.59,0.04,0.34,0.03
SL2.40ch00 12000000 13000000 0.43,0.09,0.45,0.03
SL2.40ch00 13000000 14000000 0.64,0.03,0.32,0.01
SL2.40ch00 14000000 15000000 0.53,0.03,0.42,0.02
SL2.40ch00 15000000 16000000 0.62,0.06,0.29,0.03
SL2.40ch00 16000000 17000000 0.55,0.05,0.36,0.04
SL2.40ch00 17000000 18000000 0.61,0.07,0.28,0.04
SL2.40ch00 18000000 19000000 0.59,0.07,0.29,0.05
SL2.40ch00 19000000 20000000 0.59,0.04,0.34,0.03
SL2.40ch00 20000000 21000000 0.58,0.06,0.34,0.02
SL2.40ch00 21000000 21805821 0.47,0.07,0.39,0.07
SL2.40ch01 0 1000000 0.55,0.01,0.42,0.02
SL2.40ch01 1000000 2000000 0.39,0.13,0.28,0.2
SL2.40ch01 2000000 3000000 0.6,0.02,0.36,0.02
SL2.40ch01 3000000 4000000 0.63,0.04,0.33,0
SL2.40ch01 4000000 5000000 0.64,0.01,0.33,0.02
SL2.40ch01 5000000 6000000 0.54,0.03,0.4,0.03
SL2.40ch01 6000000 7000000 0.62,0.01,0.36,0.01
SL2.40ch01 7000000 8000000 0.61,0.03,0.32,0.04
SL2.40ch01 8000000 9000000 0.65,0.04,0.28,0.03
SL2.40ch01 9000000 10000000 0.67,0.03,0.28,0.02
SL2.40ch01 10000000 11000000 0.59,0.09,0.31,0.01
SL2.40ch01 11000000 12000000 0.66,0.02,0.3,0.02
SL2.40ch01 12000000 13000000 0.68,0.03,0.27,0.02
SL2.40ch01 13000000 14000000 0.66,0.05,0.26,0.03
SL2.40ch01 14000000 15000000 0.58,0.05,0.34,0.03
SL2.40ch01 15000000 16000000 0.58,0,0.41,0.01
SL2.40ch01 16000000 17000000 0.59,0.07,0.29,0.05
SL2.40ch01 17000000 18000000 0.64,0,0.34,0.02
SL2.40ch01 18000000 19000000 0.64,0.02,0.31,0.03
SL2.40ch01 19000000 20000000 0.69,0.01,0.3,0
SL2.40ch01 20000000 21000000 0.51,0.05,0.42,0.02
SL2.40ch01 21000000 22000000 0.69,0.01,0.27,0.03
SL2.40ch01 22000000 23000000 0.58,0.06,0.32,0.04
SL2.40ch01 23000000 24000000 0.59,0.07,0.22,0.12
SL2.40ch01 24000000 25000000 0.57,0.02,0.41,0
SL2.40ch01 25000000 26000000 0.5,0.06,0.39,0.05
SL2.40ch01 26000000 27000000 0.56,0.05,0.38,0.01
SL2.40ch01 27000000 28000000 0.62,0.01,0.36,0.01
SL2.40ch01 28000000 29000000 0.63,0.03,0.3,0.04
SL2.40ch01 29000000 30000000 0.65,0.02,0.31,0.02
SL2.40ch01 30000000 31000000 0.63,0.03,0.3,0.04
SL2.40ch01 31000000 32000000 0.58,0.02,0.35,0.05
SL2.40ch01 32000000 33000000 0.67,0,0.33,0
SL2.40ch01 33000000 34000000 0.55,0.08,0.36,0.01
SL2.40ch01 34000000 35000000 0.6,0.04,0.34,0.02
SL2.40ch01 35000000 36000000 0.57,0.04,0.35,0.04
SL2.40ch01 36000000 37000000 0.63,0.01,0.34,0.02
SL2.40ch01 37000000 38000000 0.63,0.04,0.32,0.01
SL2.40ch01 38000000 39000000 0.62,0.03,0.32,0.03
SL2.40ch01 39000000 40000000 0.59,0.02,0.36,0.03
SL2.40ch01 40000000 41000000 0.55,0.07,0.3,0.08
SL2.40ch01 41000000 42000000 0.53,0.05,0.4,0.02
SL2.40ch01 42000000 43000000 0.58,0.03,0.37,0.02
SL2.40ch01 43000000 44000000 0.55,0.06,0.37,0.02
SL2.40ch01 44000000 45000000 0.59,0.05,0.34,0.02
SL2.40ch01 45000000 46000000 0.52,0.02,0.42,0.04
SL2.40ch01 46000000 47000000 0.61,0.05,0.32,0.02
SL2.40ch01 47000000 48000000 0.56,0.05,0.36,0.03
SL2.40ch01 48000000 49000000 0.57,0.03,0.37,0.03
SL2.40ch01 49000000 50000000 0.57,0.02,0.38,0.03
SL2.40ch01 50000000 51000000 0.59,0.03,0.36,0.02
SL2.40ch01 51000000 52000000 0.56,0.03,0.4,0.01
SL2.40ch01 52000000 53000000 0.59,0.05,0.36,0
SL2.40ch01 53000000 54000000 0.65,0.02,0.31,0.02
SL2.40ch01 54000000 55000000 0.59,0.07,0.32,0.02
SL2.40ch01 55000000 56000000 0.5,0.04,0.4,0.06
SL2.40ch01 56000000 57000000 0.64,0.05,0.3,0.01
SL2.40ch01 57000000 58000000 0.61,0.03,0.32,0.04
SL2.40ch01 58000000 59000000 0.65,0.04,0.29,0.02
SL2.40ch01 59000000 60000000 0.66,0.04,0.27,0.03
SL2.40ch01 60000000 61000000 0.65,0,0.31,0.04
SL2.40ch01 61000000 62000000 0.67,0.02,0.26,0.05
SL2.40ch01 62000000 63000000 0.64,0.03,0.3,0.03
SL2.40ch01 63000000 64000000 0.62,0.05,0.3,0.03
SL2.40ch01 64000000 65000000 0.63,0.04,0.3,0.03
SL2.40ch01 65000000 66000000 0.69,0.04,0.26,0.01
SL2.40ch01 66000000 67000000 0.72,0.03,0.24,0.01
SL2.40ch01 67000000 68000000 0.56,0.04,0.36,0.04
SL2.40ch01 68000000 69000000 0.62,0.07,0.29,0.02
SL2.40ch01 69000000 70000000 0.62,0.02,0.34,0.02
SL2.40ch01 70000000 71000000 0.63,0,0.33,0.04
SL2.40ch01 71000000 72000000 0.62,0.04,0.29,0.05
SL2.40ch01 72000000 73000000 0.66,0.04,0.28,0.02
SL2.40ch01 73000000 74000000 0.66,0.05,0.26,0.03
SL2.40ch01 74000000 75000000 0.61,0.03,0.32,0.04
SL2.40ch01 75000000 76000000 0.63,0.05,0.3,0.02
SL2.40ch01 76000000 77000000 0.66,0.04,0.29,0.01
SL2.40ch01 77000000 78000000 0.58,0.06,0.34,0.02
SL2.40ch01 78000000 79000000 0.59,0.05,0.35,0.01
SL2.40ch01 79000000 80000000 0.55,0.05,0.34,0.06
SL2.40ch01 80000000 81000000 0.55,0.04,0.37,0.04
SL2.40ch01 81000000 82000000 0.57,0.07,0.3,0.06
SL2.40ch01 82000000 83000000 0.68,0.06,0.23,0.03
SL2.40ch01 83000000 84000000 0.65,0.03,0.29,0.03
SL2.40ch01 84000000 85000000 0.64,0.05,0.28,0.03
SL2.40ch01 85000000 86000000 0.58,0.04,0.36,0.02
SL2.40ch01 86000000 87000000 0.58,0.03,0.38,0.01
SL2.40ch01 87000000 88000000 0.58,0.05,0.32,0.05
SL2.40ch01 88000000 89000000 0.63,0.03,0.33,0.01
SL2.40ch01 89000000 90000000 0.71,0.02,0.25,0.02
SL2.40ch01 90000000 90304244 0.58,0.07,0.34,0.01
SL2.40ch02 0 1000000 0.61,0.04,0.3,0.05
SL2.40ch02 1000000 2000000 0.67,0.04,0.29,0
SL2.40ch02 2000000 3000000 0.62,0.03,0.32,0.03
SL2.40ch02 3000000 4000000 0.58,0.04,0.37,0.01
SL2.40ch02 4000000 5000000 0.57,0.07,0.32,0.04
SL2.40ch02 5000000 6000000 0.5,0.02,0.42,0.06
SL2.40ch02 6000000 7000000 0.65,0.02,0.31,0.02
SL2.40ch02 7000000 8000000 0.57,0.01,0.4,0.02
SL2.40ch02 8000000 9000000 0.57,0.02,0.38,0.03
SL2.40ch02 9000000 10000000 0.63,0.04,0.29,0.04
SL2.40ch02 10000000 11000000 0.6,0.05,0.34,0.01
SL2.40ch02 11000000 12000000 0.56,0.03,0.4,0.01
SL2.40ch02 12000000 13000000 0.61,0.08,0.31,0
SL2.40ch02 13000000 14000000 0.51,0.1,0.34,0.05
SL2.40ch02 14000000 15000000 0.58,0.03,0.38,0.01
SL2.40ch02 15000000 16000000 0.56,0.03,0.4,0.01
SL2.40ch02 16000000 17000000 0.59,0.02,0.37,0.02
SL2.40ch02 17000000 18000000 0.57,0.06,0.3,0.07
SL2.40ch02 18000000 19000000 0.59,0.05,0.35,0.01
SL2.40ch02 19000000 20000000 0.6,0.06,0.31,0.03
SL2.40ch02 20000000 21000000 0.61,0.05,0.32,0.02
SL2.40ch02 21000000 22000000 0.57,0.05,0.36,0.02
SL2.40ch02 22000000 23000000 0.6,0.05,0.32,0.03
SL2.40ch02 23000000 24000000 0.57,0.07,0.34,0.02
SL2.40ch02 24000000 25000000 0.66,0.05,0.25,0.04
SL2.40ch02 25000000 26000000 0.61,0.02,0.35,0.02
SL2.40ch02 26000000 27000000 0.59,0.01,0.35,0.05
SL2.40ch02 27000000 28000000 0.63,0.03,0.31,0.03
SL2.40ch02 28000000 29000000 0.58,0.03,0.37,0.02
SL2.40ch02 29000000 30000000 0.7,0.03,0.25,0.02
SL2.40ch02 30000000 31000000 0.68,0.04,0.21,0.07
SL2.40ch02 31000000 32000000 0.67,0.04,0.25,0.04
SL2.40ch02 32000000 33000000 0.62,0.05,0.27,0.06
SL2.40ch02 33000000 34000000 0.6,0.03,0.32,0.05
SL2.40ch02 34000000 35000000 0.58,0.05,0.36,0.01
SL2.40ch02 35000000 36000000 0.63,0.02,0.34,0.01
SL2.40ch02 36000000 37000000 0.62,0.06,0.28,0.04
SL2.40ch02 37000000 38000000 0.74,0.02,0.23,0.01
SL2.40ch02 38000000 39000000 0.55,0.04,0.38,0.03
SL2.40ch02 39000000 40000000 0.71,0.03,0.21,0.05
SL2.40ch02 40000000 41000000 0.67,0.01,0.27,0.05
SL2.40ch02 41000000 42000000 0.58,0.06,0.33,0.03
SL2.40ch02 42000000 43000000 0.61,0.02,0.34,0.03
SL2.40ch02 43000000 44000000 0.65,0.04,0.29,0.02
SL2.40ch02 44000000 45000000 0.57,0.01,0.38,0.04
SL2.40ch02 45000000 46000000 0.61,0.05,0.32,0.02
SL2.40ch02 46000000 47000000 0.59,0.03,0.34,0.04
SL2.40ch02 47000000 48000000 0.6,0.03,0.32,0.05
SL2.40ch02 48000000 49000000 0.64,0.03,0.3,0.03
SL2.40ch02 49000000 49918294 0.69,0.05,0.24,0.02
SL2.40ch03 0 1000000 0.58,0.06,0.34,0.02
SL2.40ch03 1000000 2000000 0.57,0.01,0.39,0.03
SL2.40ch03 2000000 3000000 0.67,0.02,0.3,0.01
SL2.40ch03 3000000 4000000 0.54,0.03,0.39,0.04
SL2.40ch03 4000000 5000000 0.54,0.07,0.38,0.01
SL2.40ch03 5000000 6000000 0.65,0.02,0.33,0
SL2.40ch03 6000000 7000000 0.6,0.03,0.27,0.1
SL2.40ch03 7000000 8000000 0.62,0.09,0.29,0
SL2.40ch03 8000000 9000000 0.71,0.06,0.22,0.01
SL2.40ch03 9000000 10000000 0.61,0.04,0.32,0.03
SL2.40ch03 10000000 11000000 0.64,0.06,0.28,0.02
SL2.40ch03 11000000 12000000 0.66,0.02,0.28,0.04
SL2.40ch03 12000000 13000000 0.58,0.03,0.35,0.04
SL2.40ch03 13000000 14000000 0.58,0.04,0.34,0.04
SL2.40ch03 14000000 15000000 0.67,0.04,0.22,0.07
SL2.40ch03 15000000 16000000 0.64,0.03,0.29,0.04
SL2.40ch03 16000000 17000000 0.56,0.03,0.37,0.04
SL2.40ch03 17000000 18000000 0.5,0.02,0.44,0.04
SL2.40ch03 18000000 19000000 0.6,0.03,0.35,0.02
SL2.40ch03 19000000 20000000 0.54,0.06,0.36,0.04
SL2.40ch03 20000000 21000000 0.6,0.03,0.33,0.04
SL2.40ch03 21000000 22000000 0.57,0.09,0.33,0.01
SL2.40ch03 22000000 23000000 0.67,0.01,0.31,0.01
SL2.40ch03 23000000 24000000 0.52,0.01,0.44,0.03
SL2.40ch03 24000000 25000000 0.56,0.04,0.33,0.07
SL2.40ch03 25000000 26000000 0.62,0.01,0.32,0.05
SL2.40ch03 26000000 27000000 0.52,0.05,0.4,0.03
SL2.40ch03 27000000 28000000 0.58,0.08,0.31,0.03
SL2.40ch03 28000000 29000000 0.56,0.02,0.39,0.03
SL2.40ch03 29000000 30000000 0.55,0.04,0.38,0.03
SL2.40ch03 30000000 31000000 0.59,0,0.37,0.04
SL2.40ch03 31000000 32000000 0.6,0.05,0.34,0.01
SL2.40ch03 32000000 33000000 0.62,0.08,0.28,0.02
SL2.40ch03 33000000 34000000 0.48,0.02,0.48,0.02
SL2.40ch03 34000000 35000000 0.54,0.03,0.41,0.02
SL2.40ch03 35000000 36000000 0.61,0.04,0.33,0.02
SL2.40ch03 36000000 37000000 0.62,0.04,0.32,0.02
SL2.40ch03 37000000 38000000 0.58,0.07,0.32,0.03
SL2.40ch03 38000000 39000000 0.53,0.07,0.38,0.02
SL2.40ch03 39000000 40000000 0.52,0.05,0.42,0.01
SL2.40ch03 40000000 41000000 0.61,0.07,0.32,0
SL2.40ch03 41000000 42000000 0.45,0.07,0.47,0.01
SL2.40ch03 42000000 43000000 0.61,0.01,0.38,0
SL2.40ch03 43000000 44000000 0.57,0.06,0.36,0.01
SL2.40ch03 44000000 45000000 0.57,0.08,0.35,0
SL2.40ch03 45000000 46000000 0.69,0.02,0.25,0.04
SL2.40ch03 46000000 47000000 0.54,0.04,0.4,0.02
SL2.40ch03 47000000 48000000 0.63,0.02,0.31,0.04
SL2.40ch03 48000000 49000000 0.53,0.06,0.38,0.03
SL2.40ch03 49000000 50000000 0.5,0.03,0.43,0.04
SL2.40ch03 50000000 51000000 0.63,0.01,0.34,0.02
SL2.40ch03 51000000 52000000 0.71,0.01,0.25,0.03
SL2.40ch03 52000000 53000000 0.54,0.03,0.39,0.04
SL2.40ch03 53000000 54000000 0.67,0.05,0.26,0.02
SL2.40ch03 54000000 55000000 0.68,0.01,0.28,0.03
SL2.40ch03 55000000 56000000 0.65,0.04,0.25,0.06
SL2.40ch03 56000000 57000000 0.66,0.04,0.23,0.07
SL2.40ch03 57000000 58000000 0.64,0.05,0.3,0.01
SL2.40ch03 58000000 59000000 0.65,0.04,0.29,0.02
SL2.40ch03 59000000 60000000 0.62,0.03,0.35,0
SL2.40ch03 60000000 61000000 0.61,0.05,0.31,0.03
SL2.40ch03 61000000 62000000 0.6,0.04,0.36,0
SL2.40ch03 62000000 63000000 0.71,0.06,0.22,0.01
SL2.40ch03 63000000 64000000 0.64,0.03,0.31,0.02
SL2.40ch03 64000000 64840714 0.62,0.05,0.31,0.02
SL2.40ch04 0 1000000 0.57,0.06,0.35,0.02
SL2.40ch04 1000000 2000000 0.59,0.05,0.32,0.04
SL2.40ch04 2000000 3000000 0.68,0.01,0.3,0.01
SL2.40ch04 3000000 4000000 0.62,0.07,0.27,0.04
SL2.40ch04 4000000 5000000 0.52,0.05,0.38,0.05
SL2.40ch04 5000000 6000000 0.63,0.02,0.34,0.01
SL2.40ch04 6000000 7000000 0.56,0.06,0.35,0.03
SL2.40ch04 7000000 8000000 0.62,0.06,0.3,0.02
SL2.40ch04 8000000 9000000 0.56,0.06,0.34,0.04
SL2.40ch04 9000000 10000000 0.6,0.02,0.35,0.03
SL2.40ch04 10000000 11000000 0.63,0.03,0.3,0.04
SL2.40ch04 11000000 12000000 0.68,0.01,0.28,0.03
SL2.40ch04 12000000 13000000 0.63,0.02,0.32,0.03
SL2.40ch04 13000000 14000000 0.57,0.09,0.3,0.04
SL2.40ch04 14000000 15000000 0.61,0.02,0.36,0.01
SL2.40ch04 15000000 16000000 0.6,0.05,0.32,0.03
SL2.40ch04 16000000 17000000 0.51,0.03,0.41,0.05
SL2.40ch04 17000000 18000000 0.66,0.03,0.3,0.01
SL2.40ch04 18000000 19000000 0.61,0.04,0.33,0.02
SL2.40ch04 19000000 20000000 0.67,0.03,0.26,0.04
SL2.40ch04 20000000 21000000 0.7,0.03,0.26,0.01
SL2.40ch04 21000000 22000000 0.64,0.05,0.26,0.05
SL2.40ch04 22000000 23000000 0.63,0.01,0.32,0.04
SL2.40ch04 23000000 24000000 0.62,0.07,0.29,0.02
SL2.40ch04 24000000 25000000 0.59,0.07,0.3,0.04
SL2.40ch04 25000000 26000000 0.54,0.05,0.39,0.02
SL2.40ch04 26000000 27000000 0.6,0.02,0.35,0.03
SL2.40ch04 27000000 28000000 0.51,0.08,0.39,0.02
SL2.40ch04 28000000 29000000 0.63,0.04,0.31,0.02
SL2.40ch04 29000000 30000000 0.54,0.01,0.42,0.03
SL2.40ch04 30000000 31000000 0.55,0.05,0.37,0.03
SL2.40ch04 31000000 32000000 0.56,0,0.4,0.04
SL2.40ch04 32000000 33000000 0.6,0.04,0.33,0.03
SL2.40ch04 33000000 34000000 0.59,0.07,0.34,0
SL2.40ch04 34000000 35000000 0.61,0.01,0.35,0.03
SL2.40ch04 35000000 36000000 0.61,0.05,0.33,0.01
SL2.40ch04 36000000 37000000 0.6,0.03,0.36,0.01
SL2.40ch04 37000000 38000000 0.66,0.04,0.28,0.02
SL2.40ch04 38000000 39000000 0.55,0.04,0.37,0.04
SL2.40ch04 39000000 40000000 0.55,0.06,0.37,0.02
SL2.40ch04 40000000 41000000 0.59,0.02,0.38,0.01
SL2.40ch04 41000000 42000000 0.57,0.04,0.38,0.01
SL2.40ch04 42000000 43000000 0.58,0.02,0.35,0.05
SL2.40ch04 43000000 44000000 0.68,0.02,0.28,0.02
SL2.40ch04 44000000 45000000 0.62,0.02,0.33,0.03
SL2.40ch04 45000000 46000000 0.56,0.04,0.39,0.01
SL2.40ch04 46000000 47000000 0.6,0.03,0.33,0.04
SL2.40ch04 47000000 48000000 0.59,0.02,0.37,0.02
SL2.40ch04 48000000 49000000 0.59,0.07,0.31,0.03
SL2.40ch04 49000000 50000000 0.62,0.04,0.33,0.01
SL2.40ch04 50000000 51000000 0.6,0.07,0.32,0.01
SL2.40ch04 51000000 52000000 0.65,0.02,0.33,0
SL2.40ch04 52000000 53000000 0.56,0.06,0.34,0.04
SL2.40ch04 53000000 54000000 0.65,0.02,0.29,0.04
SL2.40ch04 54000000 55000000 0.66,0.01,0.28,0.05
SL2.40ch04 55000000 56000000 0.69,0.02,0.28,0.01
SL2.40ch04 56000000 57000000 0.6,0.06,0.3,0.04
SL2.40ch04 57000000 58000000 0.66,0.05,0.27,0.02
SL2.40ch04 58000000 59000000 0.62,0.06,0.27,0.05
SL2.40ch04 59000000 60000000 0.62,0.04,0.32,0.02
SL2.40ch04 60000000 61000000 0.6,0.04,0.34,0.02
SL2.40ch04 61000000 62000000 0.58,0.03,0.37,0.02
SL2.40ch04 62000000 63000000 0.55,0.04,0.38,0.03
SL2.40ch04 63000000 64000000 0.63,0.02,0.32,0.03
SL2.40ch04 64000000 64064312 0.54,0.01,0.41,0.04
SL2.40ch05 0 1000000 0.55,0.07,0.38,0
SL2.40ch05 1000000 2000000 0.67,0.02,0.29,0.02
SL2.40ch05 2000000 3000000 0.62,0.01,0.32,0.05
SL2.40ch05 3000000 4000000 0.67,0.04,0.25,0.04
SL2.40ch05 4000000 5000000 0.59,0.01,0.38,0.02
SL2.40ch05 5000000 6000000 0.68,0.04,0.27,0.01
SL2.40ch05 6000000 7000000 0.64,0.07,0.28,0.01
SL2.40ch05 7000000 8000000 0.62,0.02,0.35,0.01
SL2.40ch05 8000000 9000000 0.65,0.05,0.28,0.02
SL2.40ch05 9000000 10000000 0.63,0.03,0.31,0.03
SL2.40ch05 10000000 11000000 0.63,0.03,0.32,0.02
SL2.40ch05 11000000 12000000 0.64,0.03,0.31,0.02
SL2.40ch05 12000000 13000000 0.59,0.02,0.35,0.04
SL2.40ch05 13000000 14000000 0.54,0.03,0.42,0.01
SL2.40ch05 14000000 15000000 0.53,0.06,0.37,0.04
SL2.40ch05 15000000 16000000 0.59,0.06,0.27,0.08
SL2.40ch05 16000000 17000000 0.65,0.01,0.33,0.01
SL2.40ch05 17000000 18000000 0.48,0.03,0.48,0.01
SL2.40ch05 18000000 19000000 0.59,0.01,0.36,0.04
SL2.40ch05 19000000 20000000 0.57,0.08,0.31,0.04
SL2.40ch05 20000000 21000000 0.65,0.01,0.29,0.05
SL2.40ch05 21000000 22000000 0.65,0.04,0.28,0.03
SL2.40ch05 22000000 23000000 0.55,0.03,0.4,0.02
SL2.40ch05 23000000 24000000 0.45,0.07,0.47,0.01
SL2.40ch05 24000000 25000000 0.65,0.04,0.27,0.04
SL2.40ch05 25000000 26000000 0.65,0.02,0.28,0.05
SL2.40ch05 26000000 27000000 0.61,0.03,0.35,0.01
SL2.40ch05 27000000 28000000 0.62,0.02,0.35,0.01
SL2.40ch05 28000000 29000000 0.53,0.06,0.39,0.02
SL2.40ch05 29000000 30000000 0.65,0.03,0.32,0
SL2.40ch05 30000000 31000000 0.54,0.01,0.43,0.02
SL2.40ch05 31000000 32000000 0.57,0.06,0.36,0.01
SL2.40ch05 32000000 33000000 0.54,0.01,0.42,0.03
SL2.40ch05 33000000 34000000 0.58,0.01,0.37,0.04
SL2.40ch05 34000000 35000000 0.57,0.04,0.36,0.03
SL2.40ch05 35000000 36000000 0.55,0.04,0.38,0.03
SL2.40ch05 36000000 37000000 0.61,0.01,0.34,0.04
SL2.40ch05 37000000 38000000 0.58,0.08,0.33,0.01
SL2.40ch05 38000000 39000000 0.6,0.04,0.35,0.01
SL2.40ch05 39000000 40000000 0.68,0.03,0.29,0
SL2.40ch05 40000000 41000000 0.63,0.06,0.27,0.04
SL2.40ch05 41000000 42000000 0.66,0.02,0.29,0.03
SL2.40ch05 42000000 43000000 0.53,0.02,0.42,0.03
SL2.40ch05 43000000 44000000 0.56,0,0.43,0.01
SL2.40ch05 44000000 45000000 0.54,0.03,0.38,0.05
SL2.40ch05 45000000 46000000 0.56,0.04,0.39,0.01
SL2.40ch05 46000000 47000000 0.52,0.08,0.37,0.03
SL2.40ch05 47000000 48000000 0.6,0.05,0.34,0.01
SL2.40ch05 48000000 49000000 0.57,0.02,0.36,0.05
SL2.40ch05 49000000 50000000 0.62,0.02,0.33,0.03
SL2.40ch05 50000000 51000000 0.52,0.09,0.36,0.03
SL2.40ch05 51000000 52000000 0.65,0.05,0.28,0.02
SL2.40ch05 52000000 53000000 0.6,0.02,0.34,0.04
SL2.40ch05 53000000 54000000 0.72,0.02,0.24,0.02
SL2.40ch05 54000000 55000000 0.69,0.02,0.28,0.01
SL2.40ch05 55000000 56000000 0.56,0,0.39,0.05
SL2.40ch05 56000000 57000000 0.49,0.04,0.42,0.05
SL2.40ch05 57000000 58000000 0.54,0.04,0.38,0.04
SL2.40ch05 58000000 59000000 0.68,0.03,0.28,0.01
SL2.40ch05 59000000 60000000 0.49,0.01,0.42,0.08
SL2.40ch05 60000000 61000000 0.57,0.08,0.32,0.03
SL2.40ch05 61000000 62000000 0.62,0.01,0.36,0.01
SL2.40ch05 62000000 63000000 0.63,0.03,0.31,0.03
SL2.40ch05 63000000 64000000 0.57,0.03,0.34,0.06
SL2.40ch05 64000000 65000000 0.66,0,0.3,0.04
SL2.40ch05 65000000 65021438 0.58,0.06,0.33,0.03
SL2.40ch06 0 1000000 0.6,0.04,0.35,0.01
SL2.40ch06 1000000 2000000 0.56,0.03,0.36,0.05
SL2.40ch06 2000000 3000000 0.61,0.03,0.34,0.02
SL2.40ch06 3000000 4000000 0.71,0.01,0.23,0.05
SL2.40ch06 4000000 5000000 0.65,0.03,0.27,0.05
SL2.40ch06 5000000 6000000 0.66,0.04,0.29,0.01
SL2.40ch06 6000000 7000000 0.59,0.02,0.35,0.04
SL2.40ch06 7000000 8000000 0.57,0.03,0.39,0.01
SL2.40ch06 8000000 9000000 0.53,0.06,0.37,0.04
SL2.40ch06 9000000 10000000 0.56,0.05,0.36,0.03
SL2.40ch06 10000000 11000000 0.61,0,0.33,0.06
SL2.40ch06 11000000 12000000 0.61,0.04,0.3,0.05
SL2.40ch06 12000000 13000000 0.63,0.04,0.29,0.04
SL2.40ch06 13000000 14000000 0.58,0.05,0.33,0.04
SL2.40ch06 14000000 15000000 0.49,0.04,0.44,0.03
SL2.40ch06 15000000 16000000 0.55,0.02,0.4,0.03
SL2.40ch06 16000000 17000000 0.61,0.02,0.35,0.02
SL2.40ch06 17000000 18000000 0.5,0.02,0.45,0.03
SL2.40ch06 18000000 19000000 0.54,0.03,0.35,0.08
SL2.40ch06 19000000 20000000 0.52,0.03,0.4,0.05
SL2.40ch06 20000000 21000000 0.59,0.01,0.36,0.04
SL2.40ch06 21000000 22000000 0.62,0.04,0.33,0.01
SL2.40ch06 22000000 23000000 0.67,0.05,0.25,0.03
SL2.40ch06 23000000 24000000 0.53,0.04,0.39,0.04
SL2.40ch06 24000000 25000000 0.63,0.02,0.3,0.05
SL2.40ch06 25000000 26000000 0.71,0.03,0.24,0.02
SL2.40ch06 26000000 27000000 0.62,0.06,0.3,0.02
SL2.40ch06 27000000 28000000 0.5,0.02,0.44,0.04
SL2.40ch06 28000000 29000000 0.67,0.04,0.28,0.01
SL2.40ch06 29000000 30000000 0.6,0.06,0.31,0.03
SL2.40ch06 30000000 31000000 0.58,0.05,0.34,0.03
SL2.40ch06 31000000 32000000 0.63,0,0.35,0.02
SL2.40ch06 32000000 33000000 0.57,0.04,0.39,0
SL2.40ch06 33000000 34000000 0.69,0.02,0.26,0.03
SL2.40ch06 34000000 35000000 0.7,0.02,0.24,0.04
SL2.40ch06 35000000 36000000 0.69,0.01,0.28,0.02
SL2.40ch06 36000000 37000000 0.56,0.09,0.33,0.02
SL2.40ch06 37000000 38000000 0.56,0.03,0.39,0.02
SL2.40ch06 38000000 39000000 0.62,0.03,0.33,0.02
SL2.40ch06 39000000 40000000 0.64,0.05,0.27,0.04
SL2.40ch06 40000000 41000000 0.62,0.03,0.33,0.02
SL2.40ch06 41000000 42000000 0.64,0.03,0.28,0.05
SL2.40ch06 42000000 43000000 0.58,0.08,0.32,0.02
SL2.40ch06 43000000 44000000 0.7,0.01,0.28,0.01
SL2.40ch06 44000000 45000000 0.64,0.05,0.28,0.03
SL2.40ch06 45000000 46000000 0.58,0.08,0.3,0.04
SL2.40ch06 46000000 46041636 0.62,0.04,0.33,0.01
SL2.40ch07 0 1000000 0.64,0.04,0.31,0.01
SL2.40ch07 1000000 2000000 0.62,0.04,0.28,0.06
SL2.40ch07 2000000 3000000 0.65,0.02,0.33,0
SL2.40ch07 3000000 4000000 0.59,0.04,0.34,0.03
SL2.40ch07 4000000 5000000 0.62,0.02,0.35,0.01
SL2.40ch07 5000000 6000000 0.56,0.02,0.39,0.03
SL2.40ch07 6000000 7000000 0.63,0.04,0.28,0.05
SL2.40ch07 7000000 8000000 0.51,0.09,0.34,0.06
SL2.40ch07 8000000 9000000 0.55,0.06,0.33,0.06
SL2.40ch07 9000000 10000000 0.66,0,0.29,0.05
SL2.40ch07 10000000 11000000 0.58,0.07,0.31,0.04
SL2.40ch07 11000000 12000000 0.65,0.08,0.26,0.01
SL2.40ch07 12000000 13000000 0.65,0.04,0.29,0.02
SL2.40ch07 13000000 14000000 0.57,0.08,0.3,0.05
SL2.40ch07 14000000 15000000 0.56,0.02,0.36,0.06
SL2.40ch07 15000000 16000000 0.56,0.05,0.36,0.03
SL2.40ch07 16000000 17000000 0.57,0.03,0.35,0.05
SL2.40ch07 17000000 18000000 0.58,0.06,0.34,0.02
SL2.40ch07 18000000 19000000 0.56,0.06,0.36,0.02
SL2.40ch07 19000000 20000000 0.66,0.02,0.29,0.03
SL2.40ch07 20000000 21000000 0.62,0.02,0.34,0.02
SL2.40ch07 21000000 22000000 0.58,0.05,0.33,0.04
SL2.40ch07 22000000 23000000 0.57,0.07,0.35,0.01
SL2.40ch07 23000000 24000000 0.56,0.02,0.4,0.02
SL2.40ch07 24000000 25000000 0.59,0.04,0.35,0.02
SL2.40ch07 25000000 26000000 0.57,0.04,0.34,0.05
SL2.40ch07 26000000 27000000 0.54,0.03,0.38,0.05
SL2.40ch07 27000000 28000000 0.5,0.06,0.42,0.02
SL2.40ch07 28000000 29000000 0.61,0.06,0.31,0.02
SL2.40ch07 29000000 30000000 0.6,0.02,0.35,0.03
SL2.40ch07 30000000 31000000 0.56,0.04,0.35,0.05
SL2.40ch07 31000000 32000000 0.57,0.04,0.35,0.04
SL2.40ch07 32000000 33000000 0.59,0.07,0.33,0.01
SL2.40ch07 33000000 34000000 0.62,0.04,0.3,0.04
SL2.40ch07 34000000 35000000 0.6,0,0.35,0.05
SL2.40ch07 35000000 36000000 0.64,0.06,0.27,0.03
SL2.40ch07 36000000 37000000 0.62,0.04,0.3,0.04
SL2.40ch07 37000000 38000000 0.66,0.03,0.3,0.01
SL2.40ch07 38000000 39000000 0.53,0.03,0.38,0.06
SL2.40ch07 39000000 40000000 0.64,0.03,0.33,0
SL2.40ch07 40000000 41000000 0.58,0,0.41,0.01
SL2.40ch07 41000000 42000000 0.55,0.1,0.32,0.03
SL2.40ch07 42000000 43000000 0.6,0.02,0.34,0.04
SL2.40ch07 43000000 44000000 0.61,0.02,0.33,0.04
SL2.40ch07 44000000 45000000 0.62,0.03,0.34,0.01
SL2.40ch07 45000000 46000000 0.55,0.05,0.38,0.02
SL2.40ch07 46000000 47000000 0.65,0.02,0.3,0.03
SL2.40ch07 47000000 48000000 0.63,0.04,0.32,0.01
SL2.40ch07 48000000 49000000 0.64,0.01,0.35,0
SL2.40ch07 49000000 50000000 0.61,0.04,0.34,0.01
SL2.40ch07 50000000 51000000 0.7,0.04,0.25,0.01
SL2.40ch07 51000000 52000000 0.65,0.03,0.32,0
SL2.40ch07 52000000 53000000 0.56,0.06,0.35,0.03
SL2.40ch07 53000000 54000000 0.62,0.01,0.35,0.02
SL2.40ch07 54000000 55000000 0.58,0.06,0.33,0.03
SL2.40ch07 55000000 56000000 0.69,0.02,0.27,0.02
SL2.40ch07 56000000 57000000 0.59,0.08,0.29,0.04
SL2.40ch07 57000000 58000000 0.57,0.09,0.31,0.03
SL2.40ch07 58000000 59000000 0.63,0.05,0.3,0.02
SL2.40ch07 59000000 60000000 0.65,0.02,0.31,0.02
SL2.40ch07 60000000 61000000 0.59,0.07,0.34,0
SL2.40ch07 61000000 62000000 0.59,0.05,0.32,0.04
SL2.40ch07 62000000 63000000 0.62,0.04,0.29,0.05
SL2.40ch07 63000000 64000000 0.6,0.04,0.35,0.01
SL2.40ch07 64000000 65000000 0.67,0.02,0.28,0.03
SL2.40ch07 65000000 65268621 0.6,0.02,0.34,0.04
SL2.40ch08 0 1000000 0.5,0.03,0.45,0.02
SL2.40ch08 1000000 2000000 0.64,0.05,0.27,0.04
SL2.40ch08 2000000 3000000 0.46,0.03,0.45,0.06
SL2.40ch08 3000000 4000000 0.6,0.04,0.32,0.04
SL2.40ch08 4000000 5000000 0.56,0.04,0.38,0.02
SL2.40ch08 5000000 6000000 0.48,0.02,0.46,0.04
SL2.40ch08 6000000 7000000 0.61,0.07,0.3,0.02
SL2.40ch08 7000000 8000000 0.57,0.02,0.37,0.04
SL2.40ch08 8000000 9000000 0.61,0.05,0.34,0
SL2.40ch08 9000000 10000000 0.6,0.04,0.36,0
SL2.40ch08 10000000 11000000 0.62,0.06,0.31,0.01
SL2.40ch08 11000000 12000000 0.64,0.05,0.27,0.04
SL2.40ch08 12000000 13000000 0.56,0.05,0.39,0
SL2.40ch08 13000000 14000000 0.59,0.04,0.34,0.03
SL2.40ch08 14000000 15000000 0.61,0.04,0.33,0.02
SL2.40ch08 15000000 16000000 0.6,0.02,0.33,0.05
SL2.40ch08 16000000 17000000 0.54,0.03,0.4,0.03
SL2.40ch08 17000000 18000000 0.65,0.02,0.32,0.01
SL2.40ch08 18000000 19000000 0.63,0.01,0.31,0.05
SL2.40ch08 19000000 20000000 0.55,0.07,0.33,0.05
SL2.40ch08 20000000 21000000 0.55,0.08,0.35,0.02
SL2.40ch08 21000000 22000000 0.51,0.08,0.31,0.1
SL2.40ch08 22000000 23000000 0.64,0.02,0.32,0.02
SL2.40ch08 23000000 24000000 0.64,0,0.33,0.03
SL2.40ch08 24000000 25000000 0.59,0.02,0.37,0.02
SL2.40ch08 25000000 26000000 0.56,0.05,0.37,0.02
SL2.40ch08 26000000 27000000 0.57,0.05,0.34,0.04
SL2.40ch08 27000000 28000000 0.54,0.06,0.38,0.02
SL2.40ch08 28000000 29000000 0.6,0.06,0.32,0.02
SL2.40ch08 29000000 30000000 0.59,0.03,0.35,0.03
SL2.40ch08 30000000 31000000 0.6,0.06,0.31,0.03
SL2.40ch08 31000000 32000000 0.47,0.04,0.49,0
SL2.40ch08 32000000 33000000 0.52,0.03,0.37,0.08
SL2.40ch08 33000000 34000000 0.7,0.02,0.27,0.01
SL2.40ch08 34000000 35000000 0.62,0.05,0.28,0.05
SL2.40ch08 35000000 36000000 0.55,0.04,0.37,0.04
SL2.40ch08 36000000 37000000 0.63,0.02,0.33,0.02
SL2.40ch08 37000000 38000000 0.56,0.1,0.34,0
SL2.40ch08 38000000 39000000 0.64,0.02,0.29,0.05
SL2.40ch08 39000000 40000000 0.55,0.05,0.37,0.03
SL2.40ch08 40000000 41000000 0.51,0.04,0.43,0.02
SL2.40ch08 41000000 42000000 0.55,0.05,0.36,0.04
SL2.40ch08 42000000 43000000 0.55,0.04,0.37,0.04
SL2.40ch08 43000000 44000000 0.61,0.03,0.33,0.03
SL2.40ch08 44000000 45000000 0.57,0.04,0.33,0.06
SL2.40ch08 45000000 46000000 0.53,0.01,0.43,0.03
SL2.40ch08 46000000 47000000 0.62,0.05,0.3,0.03
SL2.40ch08 47000000 48000000 0.58,0.03,0.37,0.02
SL2.40ch08 48000000 49000000 0.55,0.03,0.41,0.01
SL2.40ch08 49000000 50000000 0.65,0.04,0.29,0.02
SL2.40ch08 50000000 51000000 0.63,0.01,0.32,0.04
SL2.40ch08 51000000 52000000 0.54,0.03,0.41,0.02
SL2.40ch08 52000000 53000000 0.61,0.01,0.33,0.05
SL2.40ch08 53000000 54000000 0.56,0,0.4,0.04
SL2.40ch08 54000000 55000000 0.55,0.07,0.35,0.03
SL2.40ch08 55000000 56000000 0.62,0.02,0.33,0.03
SL2.40ch08 56000000 57000000 0.6,0.04,0.32,0.04
SL2.40ch08 57000000 58000000 0.66,0.04,0.3,0
SL2.40ch08 58000000 59000000 0.61,0.04,0.32,0.03
SL2.40ch08 59000000 60000000 0.64,0.05,0.28,0.03
SL2.40ch08 60000000 61000000 0.61,0.04,0.31,0.04
SL2.40ch08 61000000 62000000 0.66,0.02,0.26,0.06
SL2.40ch08 62000000 63000000 0.6,0.05,0.33,0.02
SL2.40ch08 63000000 63032657 0.58,0.02,0.32,0.08
SL2.40ch09 0 1000000 0.55,0.03,0.4,0.02
SL2.40ch09 1000000 2000000 0.62,0.02,0.34,0.02
SL2.40ch09 2000000 3000000 0.6,0.06,0.31,0.03
SL2.40ch09 3000000 4000000 0.62,0.03,0.32,0.03
SL2.40ch09 4000000 5000000 0.55,0.01,0.4,0.04
SL2.40ch09 5000000 6000000 0.54,0.03,0.39,0.04
SL2.40ch09 6000000 7000000 0.64,0.05,0.3,0.01
SL2.40ch09 7000000 8000000 0.6,0.01,0.35,0.04
SL2.40ch09 8000000 9000000 0.55,0.03,0.38,0.04
SL2.40ch09 9000000 10000000 0.59,0.01,0.36,0.04
SL2.40ch09 10000000 11000000 0.52,0.09,0.38,0.01
SL2.40ch09 11000000 12000000 0.61,0.03,0.35,0.01
SL2.40ch09 12000000 13000000 0.65,0.02,0.31,0.02
SL2.40ch09 13000000 14000000 0.6,0.07,0.31,0.02
SL2.40ch09 14000000 15000000 0.65,0.04,0.29,0.02
SL2.40ch09 15000000 16000000 0.7,0.06,0.24,0
SL2.40ch09 16000000 17000000 0.56,0.04,0.39,0.01
SL2.40ch09 17000000 18000000 0.64,0.04,0.29,0.03
SL2.40ch09 18000000 19000000 0.56,0.05,0.36,0.03
SL2.40ch09 19000000 20000000 0.59,0.03,0.35,0.03
SL2.40ch09 20000000 21000000 0.56,0.05,0.37,0.02
SL2.40ch09 21000000 22000000 0.59,0.06,0.29,0.06
SL2.40ch09 22000000 23000000 0.57,0.08,0.29,0.06
SL2.40ch09 23000000 24000000 0.6,0.03,0.34,0.03
SL2.40ch09 24000000 25000000 0.63,0.01,0.35,0.01
SL2.40ch09 25000000 26000000 0.63,0.03,0.34,0
SL2.40ch09 26000000 27000000 0.68,0.04,0.27,0.01
SL2.40ch09 27000000 28000000 0.53,0.04,0.39,0.04
SL2.40ch09 28000000 29000000 0.54,0.05,0.39,0.02
SL2.40ch09 29000000 30000000 0.65,0.02,0.32,0.01
SL2.40ch09 30000000 31000000 0.64,0.03,0.32,0.01
SL2.40ch09 31000000 32000000 0.64,0.01,0.33,0.02
SL2.40ch09 32000000 33000000 0.49,0.03,0.46,0.02
SL2.40ch09 33000000 34000000 0.61,0.05,0.33,0.01
SL2.40ch09 34000000 35000000 0.55,0.03,0.39,0.03
SL2.40ch09 35000000 36000000 0.58,0.05,0.32,0.05
SL2.40ch09 36000000 37000000 0.6,0.03,0.34,0.03
SL2.40ch09 37000000 38000000 0.62,0.01,0.35,0.02
SL2.40ch09 38000000 39000000 0.65,0.01,0.33,0.01
SL2.40ch09 39000000 40000000 0.54,0.02,0.4,0.04
SL2.40ch09 40000000 41000000 0.65,0.02,0.3,0.03
SL2.40ch09 41000000 42000000 0.58,0.03,0.34,0.05
SL2.40ch09 42000000 43000000 0.65,0.09,0.25,0.01
SL2.40ch09 43000000 44000000 0.7,0.01,0.26,0.03
SL2.40ch09 44000000 45000000 0.67,0.05,0.28,0
SL2.40ch09 45000000 46000000 0.66,0.01,0.32,0.01
SL2.40ch09 46000000 47000000 0.6,0.03,0.36,0.01
SL2.40ch09 47000000 48000000 0.59,0.07,0.32,0.02
SL2.40ch09 48000000 49000000 0.55,0.03,0.37,0.05
SL2.40ch09 49000000 50000000 0.57,0.02,0.38,0.03
SL2.40ch09 50000000 51000000 0.62,0.04,0.32,0.02
SL2.40ch09 51000000 52000000 0.71,0.02,0.26,0.01
SL2.40ch09 52000000 53000000 0.66,0.04,0.27,0.03
SL2.40ch09 53000000 54000000 0.57,0.03,0.38,0.02
SL2.40ch09 54000000 55000000 0.57,0.05,0.35,0.03
SL2.40ch09 55000000 56000000 0.62,0.04,0.27,0.07
SL2.40ch09 56000000 57000000 0.59,0.03,0.34,0.04
SL2.40ch09 57000000 58000000 0.6,0.06,0.3,0.04
SL2.40ch09 58000000 59000000 0.54,0.02,0.4,0.04
SL2.40ch09 59000000 60000000 0.62,0.04,0.32,0.02
SL2.40ch09 60000000 61000000 0.61,0.04,0.34,0.01
SL2.40ch09 61000000 62000000 0.69,0.03,0.25,0.03
SL2.40ch09 62000000 63000000 0.68,0.04,0.22,0.06
SL2.40ch09 63000000 64000000 0.59,0.07,0.31,0.03
SL2.40ch09 64000000 65000000 0.61,0.04,0.31,0.04
SL2.40ch09 65000000 66000000 0.63,0.03,0.34,0
SL2.40ch09 66000000 67000000 0.67,0.02,0.26,0.05
SL2.40ch09 67000000 67662091 0.69,0.04,0.25,0.02
SL2.40ch10 0 1000000 0.73,0.01,0.24,0.02
SL2.40ch10 1000000 2000000 0.58,0.06,0.34,0.02
SL2.40ch10 2000000 3000000 0.63,0.03,0.32,0.02
SL2.40ch10 3000000 4000000 0.71,0.01,0.27,0.01
SL2.40ch10 4000000 5000000 0.58,0.05,0.35,0.02
SL2.40ch10 5000000 6000000 0.6,0.07,0.31,0.02
SL2.40ch10 6000000 7000000 0.6,0.03,0.26,0.11
SL2.40ch10 7000000 8000000 0.66,0.02,0.29,0.03
SL2.40ch10 8000000 9000000 0.61,0.03,0.34,0.02
SL2.40ch10 9000000 10000000 0.73,0.02,0.19,0.06
SL2.40ch10 10000000 11000000 0.53,0.06,0.35,0.06
SL2.40ch10 11000000 12000000 0.57,0.04,0.36,0.03
SL2.40ch10 12000000 13000000 0.59,0.02,0.36,0.03
SL2.40ch10 13000000 14000000 0.64,0.03,0.31,0.02
SL2.40ch10 14000000 15000000 0.6,0.03,0.37,0
SL2.40ch10 15000000 16000000 0.56,0.08,0.32,0.04
SL2.40ch10 16000000 17000000 0.62,0.03,0.31,0.04
SL2.40ch10 17000000 18000000 0.51,0.06,0.39,0.04
SL2.40ch10 18000000 19000000 0.62,0.03,0.34,0.01
SL2.40ch10 19000000 20000000 0.66,0.05,0.28,0.01
SL2.40ch10 20000000 21000000 0.67,0.03,0.29,0.01
SL2.40ch10 21000000 22000000 0.64,0.04,0.29,0.03
SL2.40ch10 22000000 23000000 0.57,0.06,0.33,0.04
SL2.40ch10 23000000 24000000 0.68,0.03,0.24,0.05
SL2.40ch10 24000000 25000000 0.65,0.04,0.27,0.04
SL2.40ch10 25000000 26000000 0.68,0.04,0.25,0.03
SL2.40ch10 26000000 27000000 0.53,0.04,0.4,0.03
SL2.40ch10 27000000 28000000 0.59,0.04,0.37,0
SL2.40ch10 28000000 29000000 0.61,0.02,0.37,0
SL2.40ch10 29000000 30000000 0.59,0.03,0.37,0.01
SL2.40ch10 30000000 31000000 0.64,0.02,0.32,0.02
SL2.40ch10 31000000 32000000 0.57,0.04,0.34,0.05
SL2.40ch10 32000000 33000000 0.5,0.06,0.4,0.04
SL2.40ch10 33000000 34000000 0.64,0.04,0.3,0.02
SL2.40ch10 34000000 35000000 0.48,0.05,0.46,0.01
SL2.40ch10 35000000 36000000 0.64,0.03,0.31,0.02
SL2.40ch10 36000000 37000000 0.65,0.02,0.26,0.07
SL2.40ch10 37000000 38000000 0.55,0.02,0.37,0.06
SL2.40ch10 38000000 39000000 0.56,0.04,0.35,0.05
SL2.40ch10 39000000 40000000 0.56,0.05,0.38,0.01
SL2.40ch10 40000000 41000000 0.64,0.02,0.33,0.01
SL2.40ch10 41000000 42000000 0.49,0.07,0.38,0.06
SL2.40ch10 42000000 43000000 0.51,0.01,0.44,0.04
SL2.40ch10 43000000 44000000 0.54,0.05,0.39,0.02
SL2.40ch10 44000000 45000000 0.59,0.01,0.37,0.03
SL2.40ch10 45000000 46000000 0.61,0.04,0.31,0.04
SL2.40ch10 46000000 47000000 0.57,0.07,0.34,0.02
SL2.40ch10 47000000 48000000 0.62,0.03,0.32,0.03
SL2.40ch10 48000000 49000000 0.69,0.04,0.24,0.03
SL2.40ch10 49000000 50000000 0.64,0.03,0.29,0.04
SL2.40ch10 50000000 51000000 0.61,0.04,0.35,0
SL2.40ch10 51000000 52000000 0.66,0.05,0.26,0.03
SL2.40ch10 52000000 53000000 0.56,0.03,0.39,0.02
SL2.40ch10 53000000 54000000 0.6,0.03,0.31,0.06
SL2.40ch10 54000000 55000000 0.52,0.04,0.38,0.06
SL2.40ch10 55000000 56000000 0.58,0.01,0.37,0.04
SL2.40ch10 56000000 57000000 0.58,0.03,0.31,0.08
SL2.40ch10 57000000 58000000 0.63,0.07,0.27,0.03
SL2.40ch10 58000000 59000000 0.59,0.02,0.34,0.05
SL2.40ch10 59000000 60000000 0.64,0.03,0.29,0.04
SL2.40ch10 60000000 61000000 0.69,0.03,0.27,0.01
SL2.40ch10 61000000 62000000 0.62,0.02,0.32,0.04
SL2.40ch10 62000000 63000000 0.62,0.04,0.32,0.02
SL2.40ch10 63000000 64000000 0.57,0.03,0.34,0.06
SL2.40ch10 64000000 64834305 0.7,0.03,0.26,0.01
SL2.40ch11 0 1000000 0.6,0.06,0.32,0.02
SL2.40ch11 1000000 2000000 0.59,0.06,0.33,0.02
SL2.40ch11 2000000 3000000 0.57,0.05,0.34,0.04
SL2.40ch11 3000000 4000000 0.64,0.03,0.29,0.04
SL2.40ch11 4000000 5000000 0.65,0.01,0.29,0.05
SL2.40ch11 5000000 6000000 0.57,0.04,0.37,0.02
SL2.40ch11 6000000 7000000 0.65,0.01,0.31,0.03
SL2.40ch11 7000000 8000000 0.54,0.02,0.42,0.02
SL2.40ch11 8000000 9000000 0.61,0.05,0.3,0.04
SL2.40ch11 9000000 10000000 0.6,0.03,0.36,0.01
SL2.40ch11 10000000 11000000 0.65,0.05,0.29,0.01
SL2.40ch11 11000000 12000000 0.62,0.07,0.3,0.01
SL2.40ch11 12000000 13000000 0.59,0.02,0.33,0.06
SL2.40ch11 13000000 14000000 0.5,0.09,0.29,0.12
SL2.40ch11 14000000 15000000 0.57,0.06,0.34,0.03
SL2.40ch11 15000000 16000000 0.54,0.07,0.35,0.04
SL2.40ch11 16000000 17000000 0.66,0.02,0.31,0.01
SL2.40ch11 17000000 18000000 0.58,0.06,0.33,0.03
SL2.40ch11 18000000 19000000 0.5,0.08,0.42,0
SL2.40ch11 19000000 20000000 0.63,0.01,0.33,0.03
SL2.40ch11 20000000 21000000 0.54,0.09,0.34,0.03
SL2.40ch11 21000000 22000000 0.62,0.04,0.3,0.04
SL2.40ch11 22000000 23000000 0.58,0.05,0.35,0.02
SL2.40ch11 23000000 24000000 0.55,0.04,0.36,0.05
SL2.40ch11 24000000 25000000 0.68,0.02,0.27,0.03
SL2.40ch11 25000000 26000000 0.62,0.06,0.29,0.03
SL2.40ch11 26000000 27000000 0.63,0.05,0.3,0.02
SL2.40ch11 27000000 28000000 0.57,0.04,0.36,0.03
SL2.40ch11 28000000 29000000 0.58,0.05,0.34,0.03
SL2.40ch11 29000000 30000000 0.62,0.02,0.35,0.01
SL2.40ch11 30000000 31000000 0.61,0.05,0.31,0.03
SL2.40ch11 31000000 32000000 0.58,0.03,0.37,0.02
SL2.40ch11 32000000 33000000 0.61,0.09,0.3,0
SL2.40ch11 33000000 34000000 0.53,0.06,0.41,0
SL2.40ch11 34000000 35000000 0.61,0.06,0.3,0.03
SL2.40ch11 35000000 36000000 0.64,0.03,0.3,0.03
SL2.40ch11 36000000 37000000 0.6,0.02,0.33,0.05
SL2.40ch11 37000000 38000000 0.55,0.03,0.36,0.06
SL2.40ch11 38000000 39000000 0.6,0.02,0.33,0.05
SL2.40ch11 39000000 40000000 0.62,0.02,0.32,0.04
SL2.40ch11 40000000 41000000 0.56,0.04,0.38,0.02
SL2.40ch11 41000000 42000000 0.61,0.06,0.3,0.03
SL2.40ch11 42000000 43000000 0.58,0.07,0.35,0
SL2.40ch11 43000000 44000000 0.43,0.11,0.4,0.06
SL2.40ch11 44000000 45000000 0.47,0.04,0.44,0.05
SL2.40ch11 45000000 46000000 0.64,0.04,0.3,0.02
SL2.40ch11 46000000 47000000 0.6,0.06,0.31,0.03
SL2.40ch11 47000000 48000000 0.67,0.03,0.25,0.05
SL2.40ch11 48000000 49000000 0.63,0.06,0.28,0.03
SL2.40ch11 49000000 50000000 0.64,0.04,0.29,0.03
SL2.40ch11 50000000 51000000 0.67,0.05,0.26,0.02
SL2.40ch11 51000000 52000000 0.62,0.08,0.3,0
SL2.40ch11 52000000 53000000 0.62,0.05,0.3,0.03
SL2.40ch11 53000000 53386025 0.63,0.07,0.25,0.05
SL2.40ch12 0 1000000 0.63,0.02,0.32,0.03
SL2.40ch12 1000000 2000000 0.52,0.06,0.36,0.06
SL2.40ch12 2000000 3000000 0.61,0.06,0.31,0.02
SL2.40ch12 3000000 4000000 0.66,0.02,0.3,0.02
SL2.40ch12 4000000 5000000 0.49,0.04,0.39,0.08
SL2.40ch12 5000000 6000000 0.67,0.03,0.3,0
SL2.40ch12 6000000 7000000 0.6,0.07,0.3,0.03
SL2.40ch12 7000000 8000000 0.5,0.05,0.44,0.01
SL2.40ch12 8000000 9000000 0.56,0.06,0.34,0.04
SL2.40ch12 9000000 10000000 0.55,0.08,0.33,0.04
SL2.40ch12 10000000 11000000 0.64,0.06,0.25,0.05
SL2.40ch12 11000000 12000000 0.62,0,0.34,0.04
SL2.40ch12 12000000 13000000 0.58,0.06,0.32,0.04
SL2.40ch12 13000000 14000000 0.6,0.04,0.32,0.04
SL2.40ch12 14000000 15000000 0.58,0,0.4,0.02
SL2.40ch12 15000000 16000000 0.62,0.04,0.32,0.02
SL2.40ch12 16000000 17000000 0.5,0.04,0.42,0.04
SL2.40ch12 17000000 18000000 0.62,0.07,0.28,0.03
SL2.40ch12 18000000 19000000 0.63,0.04,0.31,0.02
SL2.40ch12 19000000 20000000 0.63,0.01,0.33,0.03
SL2.40ch12 20000000 21000000 0.55,0.01,0.42,0.02
SL2.40ch12 21000000 22000000 0.62,0.02,0.36,0
SL2.40ch12 22000000 23000000 0.55,0.07,0.34,0.04
SL2.40ch12 23000000 24000000 0.58,0.02,0.37,0.03
SL2.40ch12 24000000 25000000 0.56,0.02,0.38,0.04
SL2.40ch12 25000000 26000000 0.55,0.04,0.38,0.03
SL2.40ch12 26000000 27000000 0.53,0.05,0.4,0.02
SL2.40ch12 27000000 28000000 0.65,0.02,0.31,0.02
SL2.40ch12 28000000 29000000 0.55,0.05,0.39,0.01
SL2.40ch12 29000000 30000000 0.68,0.04,0.22,0.06
SL2.40ch12 30000000 31000000 0.62,0.03,0.31,0.04
SL2.40ch12 31000000 32000000 0.7,0.01,0.26,0.03
SL2.40ch12 32000000 33000000 0.51,0.06,0.4,0.03
SL2.40ch12 33000000 34000000 0.72,0.03,0.25,0
SL2.40ch12 34000000 35000000 0.59,0.1,0.29,0.02
SL2.40ch12 35000000 36000000 0.58,0.01,0.38,0.03
SL2.40ch12 36000000 37000000 0.68,0.03,0.25,0.04
SL2.40ch12 37000000 38000000 0.55,0.03,0.38,0.04
SL2.40ch12 38000000 39000000 0.59,0.03,0.35,0.03
SL2.40ch12 39000000 40000000 0.64,0.04,0.3,0.02
SL2.40ch12 40000000 41000000 0.63,0.04,0.29,0.04
SL2.40ch12 41000000 42000000 0.61,0.03,0.32,0.04
SL2.40ch12 42000000 43000000 0.64,0.01,0.33,0.02
SL2.40ch12 43000000 44000000 0.71,0.03,0.24,0.02
SL2.40ch12 44000000 45000000 0.64,0.02,0.32,0.02
SL2.40ch12 45000000 46000000 0.62,0.06,0.3,0.02
SL2.40ch12 46000000 47000000 0.57,0.05,0.35,0.03
SL2.40ch12 47000000 48000000 0.68,0.03,0.26,0.03
SL2.40ch12 48000000 49000000 0.57,0.05,0.35,0.03
SL2.40ch12 49000000 50000000 0.63,0.07,0.28,0.02
SL2.40ch12 50000000 51000000 0.58,0.05,0.35,0.02
SL2.40ch12 51000000 52000000 0.62,0.04,0.26,0.08
SL2.40ch12 52000000 53000000 0.63,0.04,0.31,0.02
SL2.40ch12 53000000 54000000 0.58,0.04,0.36,0.02
SL2.40ch12 54000000 55000000 0.63,0.03,0.31,0.03
SL2.40ch12 55000000 56000000 0.53,0.03,0.41,0.03
SL2.40ch12 56000000 57000000 0.6,0.06,0.33,0.01
SL2.40ch12 57000000 58000000 0.64,0.06,0.28,0.02
SL2.40ch12 58000000 59000000 0.61,0.04,0.31,0.04
SL2.40ch12 59000000 60000000 0.6,0.05,0.28,0.07
SL2.40ch12 60000000 61000000 0.58,0.03,0.33,0.06
SL2.40ch12 61000000 62000000 0.58,0.06,0.33,0.03
SL2.40ch12 62000000 63000000 0.6,0.03,0.34,0.03
SL2.40ch12 63000000 64000000 0.61,0.06,0.29,0.04
SL2.40ch12 64000000 65000000 0.63,0.04,0.32,0.01
SL2.40ch12 65000000 65486253 0.65,0.01,0.33,0.01
