SL2.40ch00 0 1000000 2.149185
SL2.40ch00 1000000 2000000 2.218201
SL2.40ch00 2000000 3000000 2.017640
SL2.40ch00 3000000 4000000 1.973728
SL2.40ch00 4000000 5000000 2.965835
SL2.40ch00 5000000 6000000 1.923583
SL2.40ch00 6000000 7000000 2.577119
SL2.40ch00 7000000 8000000 1.259034
SL2.40ch00 8000000 9000000 1.633300
SL2.40ch00 9000000 10000000 1.157157
SL2.40ch00 10000000 11000000 4.324184
SL2.40ch00 11000000 12000000 10.161031
SL2.40ch00 12000000 13000000 10.890658
SL2.40ch00 13000000 14000000 4.413408
SL2.40ch00 14000000 15000000 3.497075
SL2.40ch00 15000000 16000000 2.723133
SL2.40ch00 16000000 17000000 4.134685
SL2.40ch00 17000000 18000000 3.463849
SL2.40ch00 18000000 19000000 3.085163
SL2.40ch00 19000000 20000000 4.581592
SL2.40ch00 20000000 21000000 2.577373
SL2.40ch00 21000000 21805821 3.336832
SL2.40ch01 0 1000000 3.236503
SL2.40ch01 1000000 2000000 335.673665
SL2.40ch01 2000000 3000000 3.113967
SL2.40ch01 3000000 4000000 2.835763
SL2.40ch01 4000000 5000000 2.673366
SL2.40ch01 5000000 6000000 2.929849
SL2.40ch01 6000000 7000000 2.790281
SL2.40ch01 7000000 8000000 2.548674
SL2.40ch01 8000000 9000000 2.382314
SL2.40ch01 9000000 10000000 3.125984
SL2.40ch01 10000000 11000000 2.761795
SL2.40ch01 11000000 12000000 2.575042
SL2.40ch01 12000000 13000000 2.482233
SL2.40ch01 13000000 14000000 2.392550
SL2.40ch01 14000000 15000000 2.391310
SL2.40ch01 15000000 16000000 2.370764
SL2.40ch01 16000000 17000000 2.268730
SL2.40ch01 17000000 18000000 2.222605
SL2.40ch01 18000000 19000000 2.264045
SL2.40ch01 19000000 20000000 2.243276
SL2.40ch01 20000000 21000000 2.310247
SL2.40ch01 21000000 22000000 2.319030
SL2.40ch01 22000000 23000000 2.354128
SL2.40ch01 23000000 24000000 11.432265
SL2.40ch01 24000000 25000000 2.412217
SL2.40ch01 25000000 26000000 2.558350
SL2.40ch01 26000000 27000000 2.247046
SL2.40ch01 27000000 28000000 3.203597
SL2.40ch01 28000000 29000000 2.432012
SL2.40ch01 29000000 30000000 2.745769
SL2.40ch01 30000000 31000000 2.096653
SL2.40ch01 31000000 32000000 2.269594
SL2.40ch01 32000000 33000000 2.456457
SL2.40ch01 33000000 34000000 2.032200
SL2.40ch01 34000000 35000000 1.877163
SL2.40ch01 35000000 36000000 1.991425
SL2.40ch01 36000000 37000000 2.186596
SL2.40ch01 37000000 38000000 1.888812
SL2.40ch01 38000000 39000000 2.351484
SL2.40ch01 39000000 40000000 2.057301
SL2.40ch01 40000000 41000000 1.942539
SL2.40ch01 41000000 42000000 2.296774
SL2.40ch01 42000000 43000000 2.007995
SL2.40ch01 43000000 44000000 2.163105
SL2.40ch01 44000000 45000000 1.950124
SL2.40ch01 45000000 46000000 2.126055
SL2.40ch01 46000000 47000000 2.872183
SL2.40ch01 47000000 48000000 2.221684
SL2.40ch01 48000000 49000000 2.320245
SL2.40ch01 49000000 50000000 2.360438
SL2.40ch01 50000000 51000000 2.813447
SL2.40ch01 51000000 52000000 2.450729
SL2.40ch01 52000000 53000000 2.343314
SL2.40ch01 53000000 54000000 2.547710
SL2.40ch01 54000000 55000000 2.435449
SL2.40ch01 55000000 56000000 2.181341
SL2.40ch01 56000000 57000000 2.404572
SL2.40ch01 57000000 58000000 3.393124
SL2.40ch01 58000000 59000000 3.934711
SL2.40ch01 59000000 60000000 2.710855
SL2.40ch01 60000000 61000000 2.465177
SL2.40ch01 61000000 62000000 2.465904
SL2.40ch01 62000000 63000000 2.690863
SL2.40ch01 63000000 64000000 2.394425
SL2.40ch01 64000000 65000000 2.804224
SL2.40ch01 65000000 66000000 2.623197
SL2.40ch01 66000000 67000000 2.590935
SL2.40ch01 67000000 68000000 2.659586
SL2.40ch01 68000000 69000000 2.703992
SL2.40ch01 69000000 70000000 2.864981
SL2.40ch01 70000000 71000000 3.045512
SL2.40ch01 71000000 72000000 3.126987
SL2.40ch01 72000000 73000000 3.104975
SL2.40ch01 73000000 74000000 3.313197
SL2.40ch01 74000000 75000000 4.057819
SL2.40ch01 75000000 76000000 3.217848
SL2.40ch01 76000000 77000000 3.631688
SL2.40ch01 77000000 78000000 3.576594
SL2.40ch01 78000000 79000000 4.561044
SL2.40ch01 79000000 80000000 3.955426
SL2.40ch01 80000000 81000000 3.590655
SL2.40ch01 81000000 82000000 4.034934
SL2.40ch01 82000000 83000000 3.634429
SL2.40ch01 83000000 84000000 4.148183
SL2.40ch01 84000000 85000000 3.340048
SL2.40ch01 85000000 86000000 3.248355
SL2.40ch01 86000000 87000000 3.542651
SL2.40ch01 87000000 88000000 3.618272
SL2.40ch01 88000000 89000000 3.840848
SL2.40ch01 89000000 90000000 3.510324
SL2.40ch01 90000000 90304244 3.085264
SL2.40ch02 0 1000000 2.218541
SL2.40ch02 1000000 2000000 2.207280
SL2.40ch02 2000000 3000000 2.249106
SL2.40ch02 3000000 4000000 2.624792
SL2.40ch02 4000000 5000000 5.984864
SL2.40ch02 5000000 6000000 4.782747
SL2.40ch02 6000000 7000000 2.277267
SL2.40ch02 7000000 8000000 2.248367
SL2.40ch02 8000000 9000000 2.064959
SL2.40ch02 9000000 10000000 2.379802
SL2.40ch02 10000000 11000000 1.968938
SL2.40ch02 11000000 12000000 2.067874
SL2.40ch02 12000000 13000000 2.261532
SL2.40ch02 13000000 14000000 2.667102
SL2.40ch02 14000000 15000000 2.409316
SL2.40ch02 15000000 16000000 3.749271
SL2.40ch02 16000000 17000000 2.545361
SL2.40ch02 17000000 18000000 2.612575
SL2.40ch02 18000000 19000000 2.321995
SL2.40ch02 19000000 20000000 2.525448
SL2.40ch02 20000000 21000000 2.715754
SL2.40ch02 21000000 22000000 2.956225
SL2.40ch02 22000000 23000000 2.507008
SL2.40ch02 23000000 24000000 2.311612
SL2.40ch02 24000000 25000000 2.167486
SL2.40ch02 25000000 26000000 2.392775
SL2.40ch02 26000000 27000000 2.745158
SL2.40ch02 27000000 28000000 2.646932
SL2.40ch02 28000000 29000000 2.798903
SL2.40ch02 29000000 30000000 2.987238
SL2.40ch02 30000000 31000000 3.049390
SL2.40ch02 31000000 32000000 2.982186
SL2.40ch02 32000000 33000000 4.285545
SL2.40ch02 33000000 34000000 3.311525
SL2.40ch02 34000000 35000000 3.210583
SL2.40ch02 35000000 36000000 3.411189
SL2.40ch02 36000000 37000000 4.370878
SL2.40ch02 37000000 38000000 3.644906
SL2.40ch02 38000000 39000000 3.471335
SL2.40ch02 39000000 40000000 6.951756
SL2.40ch02 40000000 41000000 3.479786
SL2.40ch02 41000000 42000000 3.435498
SL2.40ch02 42000000 43000000 3.567832
SL2.40ch02 43000000 44000000 4.626344
SL2.40ch02 44000000 45000000 3.501899
SL2.40ch02 45000000 46000000 3.651121
SL2.40ch02 46000000 47000000 3.605228
SL2.40ch02 47000000 48000000 3.817303
SL2.40ch02 48000000 49000000 3.595450
SL2.40ch02 49000000 49918294 3.097298
SL2.40ch03 0 1000000 3.307905
SL2.40ch03 1000000 2000000 3.534877
SL2.40ch03 2000000 3000000 2.736514
SL2.40ch03 3000000 4000000 2.194713
SL2.40ch03 4000000 5000000 2.203008
SL2.40ch03 5000000 6000000 2.225560
SL2.40ch03 6000000 7000000 12.073784
SL2.40ch03 7000000 8000000 3.114762
SL2.40ch03 8000000 9000000 3.063694
SL2.40ch03 9000000 10000000 2.680474
SL2.40ch03 10000000 11000000 2.491674
SL2.40ch03 11000000 12000000 2.606705
SL2.40ch03 12000000 13000000 2.497959
SL2.40ch03 13000000 14000000 2.388083
SL2.40ch03 14000000 15000000 2.648148
SL2.40ch03 15000000 16000000 2.587014
SL2.40ch03 16000000 17000000 2.343099
SL2.40ch03 17000000 18000000 1.965757
SL2.40ch03 18000000 19000000 2.081920
SL2.40ch03 19000000 20000000 2.335012
SL2.40ch03 20000000 21000000 2.279975
SL2.40ch03 21000000 22000000 2.454521
SL2.40ch03 22000000 23000000 2.244095
SL2.40ch03 23000000 24000000 2.998872
SL2.40ch03 24000000 25000000 2.429386
SL2.40ch03 25000000 26000000 2.371376
SL2.40ch03 26000000 27000000 2.234935
SL2.40ch03 27000000 28000000 2.453586
SL2.40ch03 28000000 29000000 2.258176
SL2.40ch03 29000000 30000000 4.151560
SL2.40ch03 30000000 31000000 3.931242
SL2.40ch03 31000000 32000000 2.928634
SL2.40ch03 32000000 33000000 2.400694
SL2.40ch03 33000000 34000000 2.230380
SL2.40ch03 34000000 35000000 2.291366
SL2.40ch03 35000000 36000000 2.057025
SL2.40ch03 36000000 37000000 2.174447
SL2.40ch03 37000000 38000000 2.028228
SL2.40ch03 38000000 39000000 2.538062
SL2.40ch03 39000000 40000000 1.897928
SL2.40ch03 40000000 41000000 1.983213
SL2.40ch03 41000000 42000000 2.342484
SL2.40ch03 42000000 43000000 2.428697
SL2.40ch03 43000000 44000000 2.248912
SL2.40ch03 44000000 45000000 2.683193
SL2.40ch03 45000000 46000000 2.868309
SL2.40ch03 46000000 47000000 3.111347
SL2.40ch03 47000000 48000000 2.958484
SL2.40ch03 48000000 49000000 2.815445
SL2.40ch03 49000000 50000000 3.913851
SL2.40ch03 50000000 51000000 3.042732
SL2.40ch03 51000000 52000000 2.795595
SL2.40ch03 52000000 53000000 2.919587
SL2.40ch03 53000000 54000000 3.128202
SL2.40ch03 54000000 55000000 2.648966
SL2.40ch03 55000000 56000000 2.401106
SL2.40ch03 56000000 57000000 3.168734
SL2.40ch03 57000000 58000000 3.341599
SL2.40ch03 58000000 59000000 3.698830
SL2.40ch03 59000000 60000000 3.642737
SL2.40ch03 60000000 61000000 3.506632
SL2.40ch03 61000000 62000000 3.936846
SL2.40ch03 62000000 63000000 3.925950
SL2.40ch03 63000000 64000000 3.509296
SL2.40ch03 64000000 64840714 3.315190
SL2.40ch04 0 1000000 3.203121
SL2.40ch04 1000000 2000000 3.118372
SL2.40ch04 2000000 3000000 3.111017
SL2.40ch04 3000000 4000000 3.468134
SL2.40ch04 4000000 5000000 2.946888
SL2.40ch04 5000000 6000000 3.004728
SL2.40ch04 6000000 7000000 3.067921
SL2.40ch04 7000000 8000000 2.627263
SL2.40ch04 8000000 9000000 2.372483
SL2.40ch04 9000000 10000000 2.348124
SL2.40ch04 10000000 11000000 2.469967
SL2.40ch04 11000000 12000000 2.431060
SL2.40ch04 12000000 13000000 4.449258
SL2.40ch04 13000000 14000000 2.456859
SL2.40ch04 14000000 15000000 2.380955
SL2.40ch04 15000000 16000000 2.491948
SL2.40ch04 16000000 17000000 2.302096
SL2.40ch04 17000000 18000000 2.363553
SL2.40ch04 18000000 19000000 2.308766
SL2.40ch04 19000000 20000000 2.278907
SL2.40ch04 20000000 21000000 2.056986
SL2.40ch04 21000000 22000000 2.285249
SL2.40ch04 22000000 23000000 2.557190
SL2.40ch04 23000000 24000000 2.335736
SL2.40ch04 24000000 25000000 3.033971
SL2.40ch04 25000000 26000000 2.214766
SL2.40ch04 26000000 27000000 2.153111
SL2.40ch04 27000000 28000000 2.253999
SL2.40ch04 28000000 29000000 2.168287
SL2.40ch04 29000000 30000000 1.714776
SL2.40ch04 30000000 31000000 2.305626
SL2.40ch04 31000000 32000000 2.366188
SL2.40ch04 32000000 33000000 2.255962
SL2.40ch04 33000000 34000000 3.339473
SL2.40ch04 34000000 35000000 2.066893
SL2.40ch04 35000000 36000000 2.010650
SL2.40ch04 36000000 37000000 2.112073
SL2.40ch04 37000000 38000000 2.318960
SL2.40ch04 38000000 39000000 2.352511
SL2.40ch04 39000000 40000000 2.364453
SL2.40ch04 40000000 41000000 2.594254
SL2.40ch04 41000000 42000000 2.427035
SL2.40ch04 42000000 43000000 2.524923
SL2.40ch04 43000000 44000000 2.556186
SL2.40ch04 44000000 45000000 2.530200
SL2.40ch04 45000000 46000000 2.293303
SL2.40ch04 46000000 47000000 2.614403
SL2.40ch04 47000000 48000000 2.618169
SL2.40ch04 48000000 49000000 2.558098
SL2.40ch04 49000000 50000000 2.751420
SL2.40ch04 50000000 51000000 2.924725
SL2.40ch04 51000000 52000000 2.606701
SL2.40ch04 52000000 53000000 2.774382
SL2.40ch04 53000000 54000000 2.791006
SL2.40ch04 54000000 55000000 3.152896
SL2.40ch04 55000000 56000000 2.922265
SL2.40ch04 56000000 57000000 3.319549
SL2.40ch04 57000000 58000000 3.214208
SL2.40ch04 58000000 59000000 3.022276
SL2.40ch04 59000000 60000000 3.085868
SL2.40ch04 60000000 61000000 3.611564
SL2.40ch04 61000000 62000000 3.777575
SL2.40ch04 62000000 63000000 3.972918
SL2.40ch04 63000000 64000000 3.493634
SL2.40ch04 64000000 64064312 2.772558
SL2.40ch05 0 1000000 3.237396
SL2.40ch05 1000000 2000000 3.418274
SL2.40ch05 2000000 3000000 3.566347
SL2.40ch05 3000000 4000000 3.348566
SL2.40ch05 4000000 5000000 3.099099
SL2.40ch05 5000000 6000000 3.166492
SL2.40ch05 6000000 7000000 4.649032
SL2.40ch05 7000000 8000000 2.798695
SL2.40ch05 8000000 9000000 2.547924
SL2.40ch05 9000000 10000000 2.507829
SL2.40ch05 10000000 11000000 2.661568
SL2.40ch05 11000000 12000000 2.637336
SL2.40ch05 12000000 13000000 2.383350
SL2.40ch05 13000000 14000000 2.390104
SL2.40ch05 14000000 15000000 3.339128
SL2.40ch05 15000000 16000000 2.465405
SL2.40ch05 16000000 17000000 2.047309
SL2.40ch05 17000000 18000000 2.115469
SL2.40ch05 18000000 19000000 2.473204
SL2.40ch05 19000000 20000000 2.618047
SL2.40ch05 20000000 21000000 2.583436
SL2.40ch05 21000000 22000000 2.098095
SL2.40ch05 22000000 23000000 2.436494
SL2.40ch05 23000000 24000000 2.681747
SL2.40ch05 24000000 25000000 2.332846
SL2.40ch05 25000000 26000000 2.839228
SL2.40ch05 26000000 27000000 2.299505
SL2.40ch05 27000000 28000000 1.976418
SL2.40ch05 28000000 29000000 2.650285
SL2.40ch05 29000000 30000000 2.407245
SL2.40ch05 30000000 31000000 2.652565
SL2.40ch05 31000000 32000000 2.440357
SL2.40ch05 32000000 33000000 2.243433
SL2.40ch05 33000000 34000000 2.145320
SL2.40ch05 34000000 35000000 3.077088
SL2.40ch05 35000000 36000000 2.319087
SL2.40ch05 36000000 37000000 2.305783
SL2.40ch05 37000000 38000000 2.260871
SL2.40ch05 38000000 39000000 2.375699
SL2.40ch05 39000000 40000000 2.387993
SL2.40ch05 40000000 41000000 2.359021
SL2.40ch05 41000000 42000000 2.372699
SL2.40ch05 42000000 43000000 2.004618
SL2.40ch05 43000000 44000000 2.105409
SL2.40ch05 44000000 45000000 3.134113
SL2.40ch05 45000000 46000000 2.205057
SL2.40ch05 46000000 47000000 2.213375
SL2.40ch05 47000000 48000000 2.232341
SL2.40ch05 48000000 49000000 2.421130
SL2.40ch05 49000000 50000000 2.421494
SL2.40ch05 50000000 51000000 3.917749
SL2.40ch05 51000000 52000000 2.458606
SL2.40ch05 52000000 53000000 2.413367
SL2.40ch05 53000000 54000000 2.724168
SL2.40ch05 54000000 55000000 2.342119
SL2.40ch05 55000000 56000000 2.583352
SL2.40ch05 56000000 57000000 2.813233
SL2.40ch05 57000000 58000000 2.499577
SL2.40ch05 58000000 59000000 4.933762
SL2.40ch05 59000000 60000000 2.527100
SL2.40ch05 60000000 61000000 2.648748
SL2.40ch05 61000000 62000000 5.449733
SL2.40ch05 62000000 63000000 3.277339
SL2.40ch05 63000000 64000000 3.294282
SL2.40ch05 64000000 65000000 3.344790
SL2.40ch05 65000000 65021438 2.446191
SL2.40ch06 0 1000000 3.102934
SL2.40ch06 1000000 2000000 3.115106
SL2.40ch06 2000000 3000000 3.374026
SL2.40ch06 3000000 4000000 2.905591
SL2.40ch06 4000000 5000000 3.240740
SL2.40ch06 5000000 6000000 2.290338
SL2.40ch06 6000000 7000000 2.686044
SL2.40ch06 7000000 8000000 2.589895
SL2.40ch06 8000000 9000000 1.930976
SL2.40ch06 9000000 10000000 3.909390
SL2.40ch06 10000000 11000000 2.255216
SL2.40ch06 11000000 12000000 2.265650
SL2.40ch06 12000000 13000000 2.128453
SL2.40ch06 13000000 14000000 1.906975
SL2.40ch06 14000000 15000000 2.069278
SL2.40ch06 15000000 16000000 2.051836
SL2.40ch06 16000000 17000000 3.030060
SL2.40ch06 17000000 18000000 2.867933
SL2.40ch06 18000000 19000000 3.228181
SL2.40ch06 19000000 20000000 2.334557
SL2.40ch06 20000000 21000000 2.962105
SL2.40ch06 21000000 22000000 3.004541
SL2.40ch06 22000000 23000000 2.503071
SL2.40ch06 23000000 24000000 2.341447
SL2.40ch06 24000000 25000000 2.086750
SL2.40ch06 25000000 26000000 2.295155
SL2.40ch06 26000000 27000000 2.205545
SL2.40ch06 27000000 28000000 2.448438
SL2.40ch06 28000000 29000000 2.707117
SL2.40ch06 29000000 30000000 2.734849
SL2.40ch06 30000000 31000000 2.738576
SL2.40ch06 31000000 32000000 2.725438
SL2.40ch06 32000000 33000000 3.049273
SL2.40ch06 33000000 34000000 3.963194
SL2.40ch06 34000000 35000000 3.039283
SL2.40ch06 35000000 36000000 3.481965
SL2.40ch06 36000000 37000000 3.368479
SL2.40ch06 37000000 38000000 3.302385
SL2.40ch06 38000000 39000000 3.726525
SL2.40ch06 39000000 40000000 4.519219
SL2.40ch06 40000000 41000000 3.700935
SL2.40ch06 41000000 42000000 4.300625
SL2.40ch06 42000000 43000000 6.843784
SL2.40ch06 43000000 44000000 3.644308
SL2.40ch06 44000000 45000000 3.468585
SL2.40ch06 45000000 46000000 5.126967
SL2.40ch06 46000000 46041636 2.086370
SL2.40ch07 0 1000000 5.060292
SL2.40ch07 1000000 2000000 3.565863
SL2.40ch07 2000000 3000000 3.353611
SL2.40ch07 3000000 4000000 3.366087
SL2.40ch07 4000000 5000000 2.751539
SL2.40ch07 5000000 6000000 2.807878
SL2.40ch07 6000000 7000000 2.651030
SL2.40ch07 7000000 8000000 2.698892
SL2.40ch07 8000000 9000000 2.465075
SL2.40ch07 9000000 10000000 2.449044
SL2.40ch07 10000000 11000000 2.825954
SL2.40ch07 11000000 12000000 2.471873
SL2.40ch07 12000000 13000000 2.406516
SL2.40ch07 13000000 14000000 2.337996
SL2.40ch07 14000000 15000000 2.499296
SL2.40ch07 15000000 16000000 2.200513
SL2.40ch07 16000000 17000000 2.686808
SL2.40ch07 17000000 18000000 2.463745
SL2.40ch07 18000000 19000000 2.176056
SL2.40ch07 19000000 20000000 2.129726
SL2.40ch07 20000000 21000000 2.121224
SL2.40ch07 21000000 22000000 2.134040
SL2.40ch07 22000000 23000000 1.876974
SL2.40ch07 23000000 24000000 2.121994
SL2.40ch07 24000000 25000000 2.259755
SL2.40ch07 25000000 26000000 2.014171
SL2.40ch07 26000000 27000000 2.079869
SL2.40ch07 27000000 28000000 2.096600
SL2.40ch07 28000000 29000000 3.047819
SL2.40ch07 29000000 30000000 2.307787
SL2.40ch07 30000000 31000000 2.759603
SL2.40ch07 31000000 32000000 2.298556
SL2.40ch07 32000000 33000000 3.018652
SL2.40ch07 33000000 34000000 2.233683
SL2.40ch07 34000000 35000000 2.135557
SL2.40ch07 35000000 36000000 2.354902
SL2.40ch07 36000000 37000000 2.065658
SL2.40ch07 37000000 38000000 2.153327
SL2.40ch07 38000000 39000000 2.552610
SL2.40ch07 39000000 40000000 2.217612
SL2.40ch07 40000000 41000000 2.398818
SL2.40ch07 41000000 42000000 2.385486
SL2.40ch07 42000000 43000000 2.420992
SL2.40ch07 43000000 44000000 2.350650
SL2.40ch07 44000000 45000000 2.385010
SL2.40ch07 45000000 46000000 2.154940
SL2.40ch07 46000000 47000000 2.465860
SL2.40ch07 47000000 48000000 2.392533
SL2.40ch07 48000000 49000000 3.112677
SL2.40ch07 49000000 50000000 2.693137
SL2.40ch07 50000000 51000000 2.475116
SL2.40ch07 51000000 52000000 2.789202
SL2.40ch07 52000000 53000000 2.860789
SL2.40ch07 53000000 54000000 2.808474
SL2.40ch07 54000000 55000000 2.790572
SL2.40ch07 55000000 56000000 3.031713
SL2.40ch07 56000000 57000000 4.164771
SL2.40ch07 57000000 58000000 2.821244
SL2.40ch07 58000000 59000000 3.044334
SL2.40ch07 59000000 60000000 3.493761
SL2.40ch07 60000000 61000000 3.156269
SL2.40ch07 61000000 62000000 3.314924
SL2.40ch07 62000000 63000000 3.532110
SL2.40ch07 63000000 64000000 3.754498
SL2.40ch07 64000000 65000000 3.548555
SL2.40ch07 65000000 65268621 3.134499
SL2.40ch08 0 1000000 3.233825
SL2.40ch08 1000000 2000000 3.073963
SL2.40ch08 2000000 3000000 3.145972
SL2.40ch08 3000000 4000000 2.928628
SL2.40ch08 4000000 5000000 2.905776
SL2.40ch08 5000000 6000000 2.566485
SL2.40ch08 6000000 7000000 3.339484
SL2.40ch08 7000000 8000000 2.496514
SL2.40ch08 8000000 9000000 2.360721
SL2.40ch08 9000000 10000000 2.277066
SL2.40ch08 10000000 11000000 2.409527
SL2.40ch08 11000000 12000000 1.990728
SL2.40ch08 12000000 13000000 3.102066
SL2.40ch08 13000000 14000000 1.942839
SL2.40ch08 14000000 15000000 2.166829
SL2.40ch08 15000000 16000000 2.303420
SL2.40ch08 16000000 17000000 3.352761
SL2.40ch08 17000000 18000000 2.046441
SL2.40ch08 18000000 19000000 1.997611
SL2.40ch08 19000000 20000000 2.019204
SL2.40ch08 20000000 21000000 2.011607
SL2.40ch08 21000000 22000000 8.417259
SL2.40ch08 22000000 23000000 2.636198
SL2.40ch08 23000000 24000000 2.713547
SL2.40ch08 24000000 25000000 2.322525
SL2.40ch08 25000000 26000000 2.983153
SL2.40ch08 26000000 27000000 2.312986
SL2.40ch08 27000000 28000000 3.593650
SL2.40ch08 28000000 29000000 2.406647
SL2.40ch08 29000000 30000000 2.239083
SL2.40ch08 30000000 31000000 2.437000
SL2.40ch08 31000000 32000000 2.033588
SL2.40ch08 32000000 33000000 2.058263
SL2.40ch08 33000000 34000000 2.154026
SL2.40ch08 34000000 35000000 2.636218
SL2.40ch08 35000000 36000000 2.284501
SL2.40ch08 36000000 37000000 2.055727
SL2.40ch08 37000000 38000000 2.160926
SL2.40ch08 38000000 39000000 2.121539
SL2.40ch08 39000000 40000000 2.132450
SL2.40ch08 40000000 41000000 2.072848
SL2.40ch08 41000000 42000000 2.292869
SL2.40ch08 42000000 43000000 2.528533
SL2.40ch08 43000000 44000000 2.531790
SL2.40ch08 44000000 45000000 4.202576
SL2.40ch08 45000000 46000000 2.593915
SL2.40ch08 46000000 47000000 2.580373
SL2.40ch08 47000000 48000000 2.600035
SL2.40ch08 48000000 49000000 3.034159
SL2.40ch08 49000000 50000000 2.857519
SL2.40ch08 50000000 51000000 2.878569
SL2.40ch08 51000000 52000000 3.307815
SL2.40ch08 52000000 53000000 2.745909
SL2.40ch08 53000000 54000000 3.032578
SL2.40ch08 54000000 55000000 3.230468
SL2.40ch08 55000000 56000000 3.050357
SL2.40ch08 56000000 57000000 3.212335
SL2.40ch08 57000000 58000000 3.515900
SL2.40ch08 58000000 59000000 3.537976
SL2.40ch08 59000000 60000000 3.602497
SL2.40ch08 60000000 61000000 3.504066
SL2.40ch08 61000000 62000000 3.680631
SL2.40ch08 62000000 63000000 3.450630
SL2.40ch08 63000000 63032657 2.623530
SL2.40ch09 0 1000000 2.823010
SL2.40ch09 1000000 2000000 3.225494
SL2.40ch09 2000000 3000000 3.923731
SL2.40ch09 3000000 4000000 3.280893
SL2.40ch09 4000000 5000000 3.248153
SL2.40ch09 5000000 6000000 2.771253
SL2.40ch09 6000000 7000000 2.667395
SL2.40ch09 7000000 8000000 2.773811
SL2.40ch09 8000000 9000000 3.616404
SL2.40ch09 9000000 10000000 2.403235
SL2.40ch09 10000000 11000000 2.370671
SL2.40ch09 11000000 12000000 3.431483
SL2.40ch09 12000000 13000000 2.229633
SL2.40ch09 13000000 14000000 2.905825
SL2.40ch09 14000000 15000000 2.353914
SL2.40ch09 15000000 16000000 2.522976
SL2.40ch09 16000000 17000000 2.293541
SL2.40ch09 17000000 18000000 2.487325
SL2.40ch09 18000000 19000000 2.473320
SL2.40ch09 19000000 20000000 2.238215
SL2.40ch09 20000000 21000000 2.351774
SL2.40ch09 21000000 22000000 2.454925
SL2.40ch09 22000000 23000000 2.136791
SL2.40ch09 23000000 24000000 2.296229
SL2.40ch09 24000000 25000000 2.145221
SL2.40ch09 25000000 26000000 1.794908
SL2.40ch09 26000000 27000000 1.913143
SL2.40ch09 27000000 28000000 2.300323
SL2.40ch09 28000000 29000000 2.597955
SL2.40ch09 29000000 30000000 2.349034
SL2.40ch09 30000000 31000000 2.644963
SL2.40ch09 31000000 32000000 2.269443
SL2.40ch09 32000000 33000000 2.746402
SL2.40ch09 33000000 34000000 2.211921
SL2.40ch09 34000000 35000000 2.115157
SL2.40ch09 35000000 36000000 5.423539
SL2.40ch09 36000000 37000000 2.393169
SL2.40ch09 37000000 38000000 2.224943
SL2.40ch09 38000000 39000000 2.094304
SL2.40ch09 39000000 40000000 2.175961
SL2.40ch09 40000000 41000000 2.705908
SL2.40ch09 41000000 42000000 3.897876
SL2.40ch09 42000000 43000000 2.462173
SL2.40ch09 43000000 44000000 2.126925
SL2.40ch09 44000000 45000000 3.422949
SL2.40ch09 45000000 46000000 2.551167
SL2.40ch09 46000000 47000000 2.628897
SL2.40ch09 47000000 48000000 2.250391
SL2.40ch09 48000000 49000000 2.731565
SL2.40ch09 49000000 50000000 2.426818
SL2.40ch09 50000000 51000000 3.315576
SL2.40ch09 51000000 52000000 2.510038
SL2.40ch09 52000000 53000000 2.296957
SL2.40ch09 53000000 54000000 2.618316
SL2.40ch09 54000000 55000000 4.104816
SL2.40ch09 55000000 56000000 2.435091
SL2.40ch09 56000000 57000000 3.015708
SL2.40ch09 57000000 58000000 4.748906
SL2.40ch09 58000000 59000000 2.674729
SL2.40ch09 59000000 60000000 4.587220
SL2.40ch09 60000000 61000000 2.775019
SL2.40ch09 61000000 62000000 3.282962
SL2.40ch09 62000000 63000000 3.266023
SL2.40ch09 63000000 64000000 3.153789
SL2.40ch09 64000000 65000000 3.179576
SL2.40ch09 65000000 66000000 3.293335
SL2.40ch09 66000000 67000000 3.341266
SL2.40ch09 67000000 67662091 3.628502
SL2.40ch10 0 1000000 3.269906
SL2.40ch10 1000000 2000000 3.491254
SL2.40ch10 2000000 3000000 3.134299
SL2.40ch10 3000000 4000000 2.841246
SL2.40ch10 4000000 5000000 4.944738
SL2.40ch10 5000000 6000000 2.778114
SL2.40ch10 6000000 7000000 14.775413
SL2.40ch10 7000000 8000000 2.461896
SL2.40ch10 8000000 9000000 2.938593
SL2.40ch10 9000000 10000000 2.353383
SL2.40ch10 10000000 11000000 2.590071
SL2.40ch10 11000000 12000000 2.228216
SL2.40ch10 12000000 13000000 2.203111
SL2.40ch10 13000000 14000000 2.179020
SL2.40ch10 14000000 15000000 2.084625
SL2.40ch10 15000000 16000000 5.063749
SL2.40ch10 16000000 17000000 2.082632
SL2.40ch10 17000000 18000000 2.127170
SL2.40ch10 18000000 19000000 2.416539
SL2.40ch10 19000000 20000000 2.273604
SL2.40ch10 20000000 21000000 2.393685
SL2.40ch10 21000000 22000000 2.396247
SL2.40ch10 22000000 23000000 8.051944
SL2.40ch10 23000000 24000000 2.660764
SL2.40ch10 24000000 25000000 2.330618
SL2.40ch10 25000000 26000000 2.426310
SL2.40ch10 26000000 27000000 2.283593
SL2.40ch10 27000000 28000000 2.205846
SL2.40ch10 28000000 29000000 2.639458
SL2.40ch10 29000000 30000000 2.291249
SL2.40ch10 30000000 31000000 2.316987
SL2.40ch10 31000000 32000000 2.246154
SL2.40ch10 32000000 33000000 2.358260
SL2.40ch10 33000000 34000000 2.197960
SL2.40ch10 34000000 35000000 3.253907
SL2.40ch10 35000000 36000000 2.460357
SL2.40ch10 36000000 37000000 10.138197
SL2.40ch10 37000000 38000000 2.631952
SL2.40ch10 38000000 39000000 2.488383
SL2.40ch10 39000000 40000000 3.172811
SL2.40ch10 40000000 41000000 2.447797
SL2.40ch10 41000000 42000000 3.350884
SL2.40ch10 42000000 43000000 2.567854
SL2.40ch10 43000000 44000000 2.827174
SL2.40ch10 44000000 45000000 2.300225
SL2.40ch10 45000000 46000000 2.794381
SL2.40ch10 46000000 47000000 2.393356
SL2.40ch10 47000000 48000000 2.492794
SL2.40ch10 48000000 49000000 2.742372
SL2.40ch10 49000000 50000000 2.806523
SL2.40ch10 50000000 51000000 2.536070
SL2.40ch10 51000000 52000000 2.561761
SL2.40ch10 52000000 53000000 2.677519
SL2.40ch10 53000000 54000000 2.421461
SL2.40ch10 54000000 55000000 2.057640
SL2.40ch10 55000000 56000000 2.051812
SL2.40ch10 56000000 57000000 2.617724
SL2.40ch10 57000000 58000000 2.999992
SL2.40ch10 58000000 59000000 2.675655
SL2.40ch10 59000000 60000000 3.223901
SL2.40ch10 60000000 61000000 3.503744
SL2.40ch10 61000000 62000000 3.413509
SL2.40ch10 62000000 63000000 3.859609
SL2.40ch10 63000000 64000000 3.417524
SL2.40ch10 64000000 64834305 3.299742
SL2.40ch11 0 1000000 3.161961
SL2.40ch11 1000000 2000000 3.353030
SL2.40ch11 2000000 3000000 3.171596
SL2.40ch11 3000000 4000000 2.833614
SL2.40ch11 4000000 5000000 2.967225
SL2.40ch11 5000000 6000000 3.128112
SL2.40ch11 6000000 7000000 2.712084
SL2.40ch11 7000000 8000000 2.732040
SL2.40ch11 8000000 9000000 2.677869
SL2.40ch11 9000000 10000000 2.471459
SL2.40ch11 10000000 11000000 2.447325
SL2.40ch11 11000000 12000000 2.410542
SL2.40ch11 12000000 13000000 3.006630
SL2.40ch11 13000000 14000000 34.072995
SL2.40ch11 14000000 15000000 2.348831
SL2.40ch11 15000000 16000000 2.540485
SL2.40ch11 16000000 17000000 2.195210
SL2.40ch11 17000000 18000000 2.262293
SL2.40ch11 18000000 19000000 2.169755
SL2.40ch11 19000000 20000000 2.238501
SL2.40ch11 20000000 21000000 2.283885
SL2.40ch11 21000000 22000000 2.321891
SL2.40ch11 22000000 23000000 2.279025
SL2.40ch11 23000000 24000000 4.651659
SL2.40ch11 24000000 25000000 2.338196
SL2.40ch11 25000000 26000000 2.360678
SL2.40ch11 26000000 27000000 2.309727
SL2.40ch11 27000000 28000000 2.135195
SL2.40ch11 28000000 29000000 2.866532
SL2.40ch11 29000000 30000000 2.239997
SL2.40ch11 30000000 31000000 2.407859
SL2.40ch11 31000000 32000000 2.456867
SL2.40ch11 32000000 33000000 2.417014
SL2.40ch11 33000000 34000000 2.293529
SL2.40ch11 34000000 35000000 2.491243
SL2.40ch11 35000000 36000000 5.292246
SL2.40ch11 36000000 37000000 3.547149
SL2.40ch11 37000000 38000000 2.955463
SL2.40ch11 38000000 39000000 2.374887
SL2.40ch11 39000000 40000000 2.044271
SL2.40ch11 40000000 41000000 2.086953
SL2.40ch11 41000000 42000000 4.443956
SL2.40ch11 42000000 43000000 2.841021
SL2.40ch11 43000000 44000000 7.402886
SL2.40ch11 44000000 45000000 2.136579
SL2.40ch11 45000000 46000000 6.999938
SL2.40ch11 46000000 47000000 4.412147
SL2.40ch11 47000000 48000000 3.477076
SL2.40ch11 48000000 49000000 2.703250
SL2.40ch11 49000000 50000000 3.139685
SL2.40ch11 50000000 51000000 3.115248
SL2.40ch11 51000000 52000000 3.144150
SL2.40ch11 52000000 53000000 3.259383
SL2.40ch11 53000000 53386025 3.298888
SL2.40ch12 0 1000000 3.666883
SL2.40ch12 1000000 2000000 5.491102
SL2.40ch12 2000000 3000000 3.145127
SL2.40ch12 3000000 4000000 3.213298
SL2.40ch12 4000000 5000000 3.298086
SL2.40ch12 5000000 6000000 3.001979
SL2.40ch12 6000000 7000000 2.687848
SL2.40ch12 7000000 8000000 3.469596
SL2.40ch12 8000000 9000000 2.324606
SL2.40ch12 9000000 10000000 2.531350
SL2.40ch12 10000000 11000000 2.421641
SL2.40ch12 11000000 12000000 2.626367
SL2.40ch12 12000000 13000000 2.445682
SL2.40ch12 13000000 14000000 2.314301
SL2.40ch12 14000000 15000000 2.278251
SL2.40ch12 15000000 16000000 2.218204
SL2.40ch12 16000000 17000000 1.933652
SL2.40ch12 17000000 18000000 2.683893
SL2.40ch12 18000000 19000000 2.167286
SL2.40ch12 19000000 20000000 2.167017
SL2.40ch12 20000000 21000000 2.071696
SL2.40ch12 21000000 22000000 2.249188
SL2.40ch12 22000000 23000000 6.629302
SL2.40ch12 23000000 24000000 2.217455
SL2.40ch12 24000000 25000000 2.533481
SL2.40ch12 25000000 26000000 2.140711
SL2.40ch12 26000000 27000000 3.561897
SL2.40ch12 27000000 28000000 2.093601
SL2.40ch12 28000000 29000000 2.252353
SL2.40ch12 29000000 30000000 4.983540
SL2.40ch12 30000000 31000000 2.405405
SL2.40ch12 31000000 32000000 3.490199
SL2.40ch12 32000000 33000000 2.534840
SL2.40ch12 33000000 34000000 3.017657
SL2.40ch12 34000000 35000000 2.510140
SL2.40ch12 35000000 36000000 2.519349
SL2.40ch12 36000000 37000000 2.540182
SL2.40ch12 37000000 38000000 2.523055
SL2.40ch12 38000000 39000000 2.198319
SL2.40ch12 39000000 40000000 2.617297
SL2.40ch12 40000000 41000000 2.343665
SL2.40ch12 41000000 42000000 2.361480
SL2.40ch12 42000000 43000000 2.418669
SL2.40ch12 43000000 44000000 2.508215
SL2.40ch12 44000000 45000000 2.564809
SL2.40ch12 45000000 46000000 2.690089
SL2.40ch12 46000000 47000000 2.747799
SL2.40ch12 47000000 48000000 3.376438
SL2.40ch12 48000000 49000000 2.769742
SL2.40ch12 49000000 50000000 2.162193
SL2.40ch12 50000000 51000000 2.010249
SL2.40ch12 51000000 52000000 3.327157
SL2.40ch12 52000000 53000000 2.403614
SL2.40ch12 53000000 54000000 2.329358
SL2.40ch12 54000000 55000000 2.845338
SL2.40ch12 55000000 56000000 2.837778
SL2.40ch12 56000000 57000000 2.045742
SL2.40ch12 57000000 58000000 2.143524
SL2.40ch12 58000000 59000000 2.069734
SL2.40ch12 59000000 60000000 2.069923
SL2.40ch12 60000000 61000000 2.198616
SL2.40ch12 61000000 62000000 2.270524
SL2.40ch12 62000000 63000000 3.205763
SL2.40ch12 63000000 64000000 4.518986
SL2.40ch12 64000000 65000000 3.217445
SL2.40ch12 65000000 65486253 3.117363
