SL2.40ch00 0 1000000 0.607506
SL2.40ch00 1000000 2000000 1.078108
SL2.40ch00 2000000 3000000 0.705948
SL2.40ch00 3000000 4000000 0.931139
SL2.40ch00 4000000 5000000 3.622329
SL2.40ch00 5000000 6000000 1.211186
SL2.40ch00 6000000 7000000 2.011318
SL2.40ch00 7000000 8000000 0.820263
SL2.40ch00 8000000 9000000 1.406862
SL2.40ch00 9000000 10000000 0.907896
SL2.40ch00 10000000 11000000 5.929180
SL2.40ch00 11000000 12000000 18.148919
SL2.40ch00 12000000 13000000 16.599880
SL2.40ch00 13000000 14000000 5.359979
SL2.40ch00 14000000 15000000 4.379920
SL2.40ch00 15000000 16000000 2.839174
SL2.40ch00 16000000 17000000 5.630108
SL2.40ch00 17000000 18000000 4.144324
SL2.40ch00 18000000 19000000 3.572550
SL2.40ch00 19000000 20000000 4.309719
SL2.40ch00 20000000 21000000 2.060449
SL2.40ch00 21000000 21805821 4.588310
SL2.40ch01 0 1000000 4.199837
SL2.40ch01 1000000 2000000 167.581841
SL2.40ch01 2000000 3000000 4.372607
SL2.40ch01 3000000 4000000 2.943524
SL2.40ch01 4000000 5000000 2.289618
SL2.40ch01 5000000 6000000 2.905983
SL2.40ch01 6000000 7000000 2.302129
SL2.40ch01 7000000 8000000 2.979546
SL2.40ch01 8000000 9000000 3.815128
SL2.40ch01 9000000 10000000 2.431209
SL2.40ch01 10000000 11000000 2.359234
SL2.40ch01 11000000 12000000 2.663968
SL2.40ch01 12000000 13000000 2.353109
SL2.40ch01 13000000 14000000 1.118120
SL2.40ch01 14000000 15000000 2.453123
SL2.40ch01 15000000 16000000 2.383774
SL2.40ch01 16000000 17000000 1.308376
SL2.40ch01 17000000 18000000 0.703418
SL2.40ch01 18000000 19000000 1.438101
SL2.40ch01 19000000 20000000 0.948966
SL2.40ch01 20000000 21000000 1.301722
SL2.40ch01 21000000 22000000 1.365848
SL2.40ch01 22000000 23000000 0.234300
SL2.40ch01 23000000 24000000 5.255947
SL2.40ch01 24000000 25000000 1.174146
SL2.40ch01 25000000 26000000 2.284300
SL2.40ch01 26000000 27000000 0.524705
SL2.40ch01 27000000 28000000 2.822783
SL2.40ch01 28000000 29000000 4.820639
SL2.40ch01 29000000 30000000 1.564139
SL2.40ch01 30000000 31000000 1.114266
SL2.40ch01 31000000 32000000 0.569461
SL2.40ch01 32000000 33000000 1.735076
SL2.40ch01 33000000 34000000 3.516753
SL2.40ch01 34000000 35000000 1.642850
SL2.40ch01 35000000 36000000 1.001488
SL2.40ch01 36000000 37000000 2.167116
SL2.40ch01 37000000 38000000 2.172613
SL2.40ch01 38000000 39000000 4.278555
SL2.40ch01 39000000 40000000 3.234195
SL2.40ch01 40000000 41000000 1.150240
SL2.40ch01 41000000 42000000 1.199467
SL2.40ch01 42000000 43000000 3.127927
SL2.40ch01 43000000 44000000 1.940059
SL2.40ch01 44000000 45000000 0.101769
SL2.40ch01 45000000 46000000 0.245027
SL2.40ch01 46000000 47000000 2.694336
SL2.40ch01 47000000 48000000 2.744490
SL2.40ch01 48000000 49000000 1.468123
SL2.40ch01 49000000 50000000 2.155412
SL2.40ch01 50000000 51000000 1.582206
SL2.40ch01 51000000 52000000 0.663636
SL2.40ch01 52000000 53000000 1.250662
SL2.40ch01 53000000 54000000 2.077464
SL2.40ch01 54000000 55000000 1.516103
SL2.40ch01 55000000 56000000 1.680243
SL2.40ch01 56000000 57000000 2.187127
SL2.40ch01 57000000 58000000 1.879166
SL2.40ch01 58000000 59000000 2.604301
SL2.40ch01 59000000 60000000 2.974036
SL2.40ch01 60000000 61000000 2.806673
SL2.40ch01 61000000 62000000 2.228136
SL2.40ch01 62000000 63000000 2.379525
SL2.40ch01 63000000 64000000 1.254393
SL2.40ch01 64000000 65000000 2.282320
SL2.40ch01 65000000 66000000 1.832698
SL2.40ch01 66000000 67000000 1.971807
SL2.40ch01 67000000 68000000 2.460227
SL2.40ch01 68000000 69000000 3.356497
SL2.40ch01 69000000 70000000 3.285714
SL2.40ch01 70000000 71000000 3.524687
SL2.40ch01 71000000 72000000 3.507325
SL2.40ch01 72000000 73000000 3.611515
SL2.40ch01 73000000 74000000 4.164067
SL2.40ch01 74000000 75000000 4.544048
SL2.40ch01 75000000 76000000 3.563563
SL2.40ch01 76000000 77000000 3.825129
SL2.40ch01 77000000 78000000 4.344064
SL2.40ch01 78000000 79000000 4.509434
SL2.40ch01 79000000 80000000 4.459527
SL2.40ch01 80000000 81000000 4.226099
SL2.40ch01 81000000 82000000 4.210201
SL2.40ch01 82000000 83000000 4.098615
SL2.40ch01 83000000 84000000 4.676882
SL2.40ch01 84000000 85000000 4.371645
SL2.40ch01 85000000 86000000 3.505411
SL2.40ch01 86000000 87000000 3.869985
SL2.40ch01 87000000 88000000 4.034224
SL2.40ch01 88000000 89000000 3.998804
SL2.40ch01 89000000 90000000 4.025645
SL2.40ch01 90000000 90304244 3.852933
SL2.40ch02 0 1000000 0.860331
SL2.40ch02 1000000 2000000 1.843826
SL2.40ch02 2000000 3000000 1.626279
SL2.40ch02 3000000 4000000 2.077520
SL2.40ch02 4000000 5000000 2.466773
SL2.40ch02 5000000 6000000 1.767183
SL2.40ch02 6000000 7000000 2.715495
SL2.40ch02 7000000 8000000 1.600995
SL2.40ch02 8000000 9000000 1.091701
SL2.40ch02 9000000 10000000 1.948568
SL2.40ch02 10000000 11000000 1.065366
SL2.40ch02 11000000 12000000 1.140348
SL2.40ch02 12000000 13000000 1.824507
SL2.40ch02 13000000 14000000 3.086909
SL2.40ch02 14000000 15000000 2.353970
SL2.40ch02 15000000 16000000 3.550201
SL2.40ch02 16000000 17000000 2.591423
SL2.40ch02 17000000 18000000 2.427460
SL2.40ch02 18000000 19000000 2.444973
SL2.40ch02 19000000 20000000 2.135010
SL2.40ch02 20000000 21000000 2.584235
SL2.40ch02 21000000 22000000 2.699341
SL2.40ch02 22000000 23000000 1.813120
SL2.40ch02 23000000 24000000 1.594899
SL2.40ch02 24000000 25000000 2.439636
SL2.40ch02 25000000 26000000 1.380001
SL2.40ch02 26000000 27000000 1.183152
SL2.40ch02 27000000 28000000 2.811833
SL2.40ch02 28000000 29000000 2.810908
SL2.40ch02 29000000 30000000 2.962606
SL2.40ch02 30000000 31000000 2.689743
SL2.40ch02 31000000 32000000 3.087891
SL2.40ch02 32000000 33000000 3.956482
SL2.40ch02 33000000 34000000 4.060345
SL2.40ch02 34000000 35000000 3.834938
SL2.40ch02 35000000 36000000 3.974686
SL2.40ch02 36000000 37000000 3.973707
SL2.40ch02 37000000 38000000 3.805201
SL2.40ch02 38000000 39000000 3.668336
SL2.40ch02 39000000 40000000 5.712835
SL2.40ch02 40000000 41000000 3.932202
SL2.40ch02 41000000 42000000 3.725864
SL2.40ch02 42000000 43000000 3.872986
SL2.40ch02 43000000 44000000 4.372708
SL2.40ch02 44000000 45000000 3.850524
SL2.40ch02 45000000 46000000 3.846028
SL2.40ch02 46000000 47000000 3.812653
SL2.40ch02 47000000 48000000 3.751332
SL2.40ch02 48000000 49000000 3.790873
SL2.40ch02 49000000 49918294 4.210854
SL2.40ch03 0 1000000 4.218483
SL2.40ch03 1000000 2000000 3.857099
SL2.40ch03 2000000 3000000 2.598330
SL2.40ch03 3000000 4000000 0.803994
SL2.40ch03 4000000 5000000 1.710723
SL2.40ch03 5000000 6000000 1.601772
SL2.40ch03 6000000 7000000 5.279219
SL2.40ch03 7000000 8000000 3.230634
SL2.40ch03 8000000 9000000 2.996126
SL2.40ch03 9000000 10000000 2.792307
SL2.40ch03 10000000 11000000 2.072062
SL2.40ch03 11000000 12000000 2.857683
SL2.40ch03 12000000 13000000 2.550028
SL2.40ch03 13000000 14000000 1.138797
SL2.40ch03 14000000 15000000 1.925195
SL2.40ch03 15000000 16000000 1.987653
SL2.40ch03 16000000 17000000 3.723022
SL2.40ch03 17000000 18000000 1.188042
SL2.40ch03 18000000 19000000 1.813990
SL2.40ch03 19000000 20000000 2.580278
SL2.40ch03 20000000 21000000 2.311358
SL2.40ch03 21000000 22000000 2.567016
SL2.40ch03 22000000 23000000 0.895763
SL2.40ch03 23000000 24000000 1.452760
SL2.40ch03 24000000 25000000 3.387030
SL2.40ch03 25000000 26000000 3.049605
SL2.40ch03 26000000 27000000 1.893372
SL2.40ch03 27000000 28000000 3.404787
SL2.40ch03 28000000 29000000 1.828511
SL2.40ch03 29000000 30000000 4.261903
SL2.40ch03 30000000 31000000 9.643835
SL2.40ch03 31000000 32000000 4.386219
SL2.40ch03 32000000 33000000 2.904417
SL2.40ch03 33000000 34000000 2.286522
SL2.40ch03 34000000 35000000 2.186353
SL2.40ch03 35000000 36000000 0.786604
SL2.40ch03 36000000 37000000 0.828552
SL2.40ch03 37000000 38000000 0.448299
SL2.40ch03 38000000 39000000 1.335869
SL2.40ch03 39000000 40000000 1.162681
SL2.40ch03 40000000 41000000 1.358300
SL2.40ch03 41000000 42000000 2.994514
SL2.40ch03 42000000 43000000 2.404423
SL2.40ch03 43000000 44000000 1.799989
SL2.40ch03 44000000 45000000 2.822639
SL2.40ch03 45000000 46000000 3.391335
SL2.40ch03 46000000 47000000 4.208474
SL2.40ch03 47000000 48000000 2.761385
SL2.40ch03 48000000 49000000 3.256709
SL2.40ch03 49000000 50000000 3.440794
SL2.40ch03 50000000 51000000 2.470750
SL2.40ch03 51000000 52000000 2.714660
SL2.40ch03 52000000 53000000 3.144032
SL2.40ch03 53000000 54000000 4.482658
SL2.40ch03 54000000 55000000 3.801829
SL2.40ch03 55000000 56000000 2.015383
SL2.40ch03 56000000 57000000 3.970684
SL2.40ch03 57000000 58000000 4.224077
SL2.40ch03 58000000 59000000 3.872923
SL2.40ch03 59000000 60000000 4.290326
SL2.40ch03 60000000 61000000 3.879003
SL2.40ch03 61000000 62000000 4.380227
SL2.40ch03 62000000 63000000 4.049028
SL2.40ch03 63000000 64000000 4.011342
SL2.40ch03 64000000 64840714 4.443914
SL2.40ch04 0 1000000 4.371229
SL2.40ch04 1000000 2000000 3.409483
SL2.40ch04 2000000 3000000 4.196327
SL2.40ch04 3000000 4000000 3.493759
SL2.40ch04 4000000 5000000 2.925126
SL2.40ch04 5000000 6000000 3.290473
SL2.40ch04 6000000 7000000 2.731219
SL2.40ch04 7000000 8000000 3.091402
SL2.40ch04 8000000 9000000 2.391034
SL2.40ch04 9000000 10000000 2.499865
SL2.40ch04 10000000 11000000 1.855570
SL2.40ch04 11000000 12000000 1.929344
SL2.40ch04 12000000 13000000 2.513531
SL2.40ch04 13000000 14000000 1.811862
SL2.40ch04 14000000 15000000 3.215846
SL2.40ch04 15000000 16000000 0.857061
SL2.40ch04 16000000 17000000 1.876978
SL2.40ch04 17000000 18000000 2.340304
SL2.40ch04 18000000 19000000 1.878687
SL2.40ch04 19000000 20000000 2.240123
SL2.40ch04 20000000 21000000 2.429940
SL2.40ch04 21000000 22000000 3.108767
SL2.40ch04 22000000 23000000 2.974909
SL2.40ch04 23000000 24000000 2.831422
SL2.40ch04 24000000 25000000 2.827097
SL2.40ch04 25000000 26000000 2.323988
SL2.40ch04 26000000 27000000 1.147595
SL2.40ch04 27000000 28000000 1.660469
SL2.40ch04 28000000 29000000 1.488403
SL2.40ch04 29000000 30000000 1.547508
SL2.40ch04 30000000 31000000 2.224067
SL2.40ch04 31000000 32000000 2.783908
SL2.40ch04 32000000 33000000 2.331676
SL2.40ch04 33000000 34000000 2.136357
SL2.40ch04 34000000 35000000 1.981779
SL2.40ch04 35000000 36000000 1.279472
SL2.40ch04 36000000 37000000 1.770063
SL2.40ch04 37000000 38000000 3.603664
SL2.40ch04 38000000 39000000 2.972231
SL2.40ch04 39000000 40000000 2.165326
SL2.40ch04 40000000 41000000 2.743275
SL2.40ch04 41000000 42000000 2.393917
SL2.40ch04 42000000 43000000 2.674986
SL2.40ch04 43000000 44000000 1.469004
SL2.40ch04 44000000 45000000 2.349399
SL2.40ch04 45000000 46000000 2.377621
SL2.40ch04 46000000 47000000 2.746089
SL2.40ch04 47000000 48000000 3.562056
SL2.40ch04 48000000 49000000 2.790116
SL2.40ch04 49000000 50000000 2.867983
SL2.40ch04 50000000 51000000 2.876737
SL2.40ch04 51000000 52000000 2.256524
SL2.40ch04 52000000 53000000 2.521832
SL2.40ch04 53000000 54000000 3.349916
SL2.40ch04 54000000 55000000 3.533768
SL2.40ch04 55000000 56000000 3.045700
SL2.40ch04 56000000 57000000 3.615183
SL2.40ch04 57000000 58000000 3.609284
SL2.40ch04 58000000 59000000 3.911622
SL2.40ch04 59000000 60000000 3.594505
SL2.40ch04 60000000 61000000 3.765417
SL2.40ch04 61000000 62000000 3.821997
SL2.40ch04 62000000 63000000 4.204400
SL2.40ch04 63000000 64000000 24.180622
SL2.40ch04 64000000 64064312 5.004354
SL2.40ch05 0 1000000 4.092626
SL2.40ch05 1000000 2000000 4.051693
SL2.40ch05 2000000 3000000 4.123871
SL2.40ch05 3000000 4000000 3.842338
SL2.40ch05 4000000 5000000 3.346027
SL2.40ch05 5000000 6000000 3.682017
SL2.40ch05 6000000 7000000 3.663250
SL2.40ch05 7000000 8000000 20.210469
SL2.40ch05 8000000 9000000 2.328649
SL2.40ch05 9000000 10000000 2.950820
SL2.40ch05 10000000 11000000 1.921169
SL2.40ch05 11000000 12000000 2.377023
SL2.40ch05 12000000 13000000 2.121537
SL2.40ch05 13000000 14000000 3.404922
SL2.40ch05 14000000 15000000 2.109986
SL2.40ch05 15000000 16000000 1.929928
SL2.40ch05 16000000 17000000 1.290667
SL2.40ch05 17000000 18000000 2.068567
SL2.40ch05 18000000 19000000 2.485348
SL2.40ch05 19000000 20000000 2.627612
SL2.40ch05 20000000 21000000 2.806429
SL2.40ch05 21000000 22000000 1.246286
SL2.40ch05 22000000 23000000 3.109779
SL2.40ch05 23000000 24000000 2.081521
SL2.40ch05 24000000 25000000 1.368489
SL2.40ch05 25000000 26000000 2.482673
SL2.40ch05 26000000 27000000 1.054043
SL2.40ch05 27000000 28000000 2.212812
SL2.40ch05 28000000 29000000 1.926287
SL2.40ch05 29000000 30000000 1.996892
SL2.40ch05 30000000 31000000 3.256117
SL2.40ch05 31000000 32000000 2.139088
SL2.40ch05 32000000 33000000 1.380620
SL2.40ch05 33000000 34000000 0.675397
SL2.40ch05 34000000 35000000 2.567204
SL2.40ch05 35000000 36000000 1.272149
SL2.40ch05 36000000 37000000 1.923775
SL2.40ch05 37000000 38000000 1.796797
SL2.40ch05 38000000 39000000 1.409411
SL2.40ch05 39000000 40000000 2.348858
SL2.40ch05 40000000 41000000 2.558734
SL2.40ch05 41000000 42000000 2.324300
SL2.40ch05 42000000 43000000 1.099556
SL2.40ch05 43000000 44000000 0.895682
SL2.40ch05 44000000 45000000 1.119550
SL2.40ch05 45000000 46000000 1.412429
SL2.40ch05 46000000 47000000 0.942298
SL2.40ch05 47000000 48000000 0.285926
SL2.40ch05 48000000 49000000 2.656292
SL2.40ch05 49000000 50000000 2.829082
SL2.40ch05 50000000 51000000 3.183169
SL2.40ch05 51000000 52000000 1.748367
SL2.40ch05 52000000 53000000 2.155313
SL2.40ch05 53000000 54000000 2.244212
SL2.40ch05 54000000 55000000 2.093645
SL2.40ch05 55000000 56000000 2.004995
SL2.40ch05 56000000 57000000 2.066626
SL2.40ch05 57000000 58000000 2.009995
SL2.40ch05 58000000 59000000 3.862066
SL2.40ch05 59000000 60000000 2.486726
SL2.40ch05 60000000 61000000 2.862384
SL2.40ch05 61000000 62000000 4.691625
SL2.40ch05 62000000 63000000 3.496899
SL2.40ch05 63000000 64000000 3.990824
SL2.40ch05 64000000 65000000 4.739554
SL2.40ch05 65000000 65021438 4.479871
SL2.40ch06 0 1000000 3.611531
SL2.40ch06 1000000 2000000 3.099267
SL2.40ch06 2000000 3000000 3.890876
SL2.40ch06 3000000 4000000 3.303404
SL2.40ch06 4000000 5000000 4.593509
SL2.40ch06 5000000 6000000 2.347575
SL2.40ch06 6000000 7000000 3.195040
SL2.40ch06 7000000 8000000 2.003260
SL2.40ch06 8000000 9000000 1.465737
SL2.40ch06 9000000 10000000 3.640636
SL2.40ch06 10000000 11000000 1.746874
SL2.40ch06 11000000 12000000 0.531097
SL2.40ch06 12000000 13000000 1.973625
SL2.40ch06 13000000 14000000 0.595369
SL2.40ch06 14000000 15000000 2.090076
SL2.40ch06 15000000 16000000 2.616535
SL2.40ch06 16000000 17000000 5.075922
SL2.40ch06 17000000 18000000 2.487509
SL2.40ch06 18000000 19000000 0.840839
SL2.40ch06 19000000 20000000 1.278508
SL2.40ch06 20000000 21000000 2.449668
SL2.40ch06 21000000 22000000 2.387480
SL2.40ch06 22000000 23000000 2.480669
SL2.40ch06 23000000 24000000 2.501826
SL2.40ch06 24000000 25000000 1.493361
SL2.40ch06 25000000 26000000 1.452339
SL2.40ch06 26000000 27000000 1.637916
SL2.40ch06 27000000 28000000 1.965636
SL2.40ch06 28000000 29000000 2.595772
SL2.40ch06 29000000 30000000 2.571017
SL2.40ch06 30000000 31000000 2.570224
SL2.40ch06 31000000 32000000 2.802497
SL2.40ch06 32000000 33000000 3.090807
SL2.40ch06 33000000 34000000 4.001690
SL2.40ch06 34000000 35000000 3.392354
SL2.40ch06 35000000 36000000 3.484090
SL2.40ch06 36000000 37000000 4.006071
SL2.40ch06 37000000 38000000 3.995166
SL2.40ch06 38000000 39000000 3.949087
SL2.40ch06 39000000 40000000 4.626055
SL2.40ch06 40000000 41000000 4.369203
SL2.40ch06 41000000 42000000 4.586364
SL2.40ch06 42000000 43000000 6.167320
SL2.40ch06 43000000 44000000 3.743540
SL2.40ch06 44000000 45000000 3.841524
SL2.40ch06 45000000 46000000 4.579247
SL2.40ch06 46000000 46041636 0.623154
SL2.40ch07 0 1000000 4.809494
SL2.40ch07 1000000 2000000 3.617628
SL2.40ch07 2000000 3000000 3.542973
SL2.40ch07 3000000 4000000 3.985264
SL2.40ch07 4000000 5000000 2.403244
SL2.40ch07 5000000 6000000 2.667020
SL2.40ch07 6000000 7000000 2.661230
SL2.40ch07 7000000 8000000 2.189911
SL2.40ch07 8000000 9000000 2.779733
SL2.40ch07 9000000 10000000 2.837518
SL2.40ch07 10000000 11000000 2.727746
SL2.40ch07 11000000 12000000 1.933370
SL2.40ch07 12000000 13000000 2.427748
SL2.40ch07 13000000 14000000 2.547735
SL2.40ch07 14000000 15000000 2.000718
SL2.40ch07 15000000 16000000 1.527415
SL2.40ch07 16000000 17000000 2.570996
SL2.40ch07 17000000 18000000 1.344700
SL2.40ch07 18000000 19000000 1.764371
SL2.40ch07 19000000 20000000 1.191725
SL2.40ch07 20000000 21000000 1.668551
SL2.40ch07 21000000 22000000 2.444096
SL2.40ch07 22000000 23000000 1.024574
SL2.40ch07 23000000 24000000 2.848569
SL2.40ch07 24000000 25000000 1.111950
SL2.40ch07 25000000 26000000 0.908445
SL2.40ch07 26000000 27000000 3.043494
SL2.40ch07 27000000 28000000 2.448149
SL2.40ch07 28000000 29000000 1.967518
SL2.40ch07 29000000 30000000 1.215955
SL2.40ch07 30000000 31000000 1.778126
SL2.40ch07 31000000 32000000 1.492343
SL2.40ch07 32000000 33000000 2.111693
SL2.40ch07 33000000 34000000 2.244843
SL2.40ch07 34000000 35000000 1.604541
SL2.40ch07 35000000 36000000 3.204752
SL2.40ch07 36000000 37000000 2.024460
SL2.40ch07 37000000 38000000 0.776012
SL2.40ch07 38000000 39000000 0.719471
SL2.40ch07 39000000 40000000 2.301155
SL2.40ch07 40000000 41000000 2.510302
SL2.40ch07 41000000 42000000 1.019321
SL2.40ch07 42000000 43000000 1.451371
SL2.40ch07 43000000 44000000 0.670054
SL2.40ch07 44000000 45000000 2.287382
SL2.40ch07 45000000 46000000 1.516745
SL2.40ch07 46000000 47000000 1.890043
SL2.40ch07 47000000 48000000 1.082186
SL2.40ch07 48000000 49000000 2.522805
SL2.40ch07 49000000 50000000 3.197796
SL2.40ch07 50000000 51000000 3.083271
SL2.40ch07 51000000 52000000 2.359874
SL2.40ch07 52000000 53000000 2.625360
SL2.40ch07 53000000 54000000 3.072964
SL2.40ch07 54000000 55000000 2.244606
SL2.40ch07 55000000 56000000 3.385401
SL2.40ch07 56000000 57000000 4.095759
SL2.40ch07 57000000 58000000 3.063817
SL2.40ch07 58000000 59000000 3.266072
SL2.40ch07 59000000 60000000 3.564157
SL2.40ch07 60000000 61000000 3.562943
SL2.40ch07 61000000 62000000 3.683791
SL2.40ch07 62000000 63000000 4.168433
SL2.40ch07 63000000 64000000 4.311214
SL2.40ch07 64000000 65000000 4.362667
SL2.40ch07 65000000 65268621 4.868673
SL2.40ch08 0 1000000 5.392509
SL2.40ch08 1000000 2000000 3.754650
SL2.40ch08 2000000 3000000 3.733648
SL2.40ch08 3000000 4000000 2.728972
SL2.40ch08 4000000 5000000 2.756865
SL2.40ch08 5000000 6000000 2.862493
SL2.40ch08 6000000 7000000 3.037919
SL2.40ch08 7000000 8000000 2.250960
SL2.40ch08 8000000 9000000 2.019954
SL2.40ch08 9000000 10000000 1.176581
SL2.40ch08 10000000 11000000 2.743830
SL2.40ch08 11000000 12000000 0.999533
SL2.40ch08 12000000 13000000 1.812043
SL2.40ch08 13000000 14000000 0.254356
SL2.40ch08 14000000 15000000 1.336870
SL2.40ch08 15000000 16000000 0.881375
SL2.40ch08 16000000 17000000 1.703934
SL2.40ch08 17000000 18000000 0.986938
SL2.40ch08 18000000 19000000 0.575084
SL2.40ch08 19000000 20000000 0.326985
SL2.40ch08 20000000 21000000 0.730725
SL2.40ch08 21000000 22000000 4.906510
SL2.40ch08 22000000 23000000 2.108512
SL2.40ch08 23000000 24000000 1.620716
SL2.40ch08 24000000 25000000 0.587704
SL2.40ch08 25000000 26000000 2.861073
SL2.40ch08 26000000 27000000 2.315092
SL2.40ch08 27000000 28000000 3.247071
SL2.40ch08 28000000 29000000 2.425170
SL2.40ch08 29000000 30000000 1.769469
SL2.40ch08 30000000 31000000 1.743034
SL2.40ch08 31000000 32000000 1.387727
SL2.40ch08 32000000 33000000 1.372612
SL2.40ch08 33000000 34000000 1.250651
SL2.40ch08 34000000 35000000 0.885178
SL2.40ch08 35000000 36000000 1.732910
SL2.40ch08 36000000 37000000 2.107216
SL2.40ch08 37000000 38000000 0.836527
SL2.40ch08 38000000 39000000 1.877793
SL2.40ch08 39000000 40000000 1.993999
SL2.40ch08 40000000 41000000 0.809971
SL2.40ch08 41000000 42000000 1.223957
SL2.40ch08 42000000 43000000 2.131707
SL2.40ch08 43000000 44000000 3.008657
SL2.40ch08 44000000 45000000 2.604360
SL2.40ch08 45000000 46000000 1.948690
SL2.40ch08 46000000 47000000 3.087464
SL2.40ch08 47000000 48000000 2.401870
SL2.40ch08 48000000 49000000 3.541250
SL2.40ch08 49000000 50000000 2.826250
SL2.40ch08 50000000 51000000 3.343858
SL2.40ch08 51000000 52000000 3.232152
SL2.40ch08 52000000 53000000 2.692769
SL2.40ch08 53000000 54000000 3.034924
SL2.40ch08 54000000 55000000 4.032044
SL2.40ch08 55000000 56000000 3.792541
SL2.40ch08 56000000 57000000 3.450696
SL2.40ch08 57000000 58000000 4.061115
SL2.40ch08 58000000 59000000 3.828228
SL2.40ch08 59000000 60000000 3.897160
SL2.40ch08 60000000 61000000 3.626252
SL2.40ch08 61000000 62000000 4.589793
SL2.40ch08 62000000 63000000 4.445854
SL2.40ch08 63000000 63032657 5.400631
SL2.40ch09 0 1000000 4.352563
SL2.40ch09 1000000 2000000 3.940532
SL2.40ch09 2000000 3000000 4.329979
SL2.40ch09 3000000 4000000 3.467809
SL2.40ch09 4000000 5000000 3.271070
SL2.40ch09 5000000 6000000 2.803920
SL2.40ch09 6000000 7000000 3.149625
SL2.40ch09 7000000 8000000 1.659931
SL2.40ch09 8000000 9000000 2.974347
SL2.40ch09 9000000 10000000 1.220143
SL2.40ch09 10000000 11000000 1.023317
SL2.40ch09 11000000 12000000 5.224802
SL2.40ch09 12000000 13000000 2.767512
SL2.40ch09 13000000 14000000 2.132867
SL2.40ch09 14000000 15000000 3.162964
SL2.40ch09 15000000 16000000 2.507984
SL2.40ch09 16000000 17000000 2.795808
SL2.40ch09 17000000 18000000 2.150920
SL2.40ch09 18000000 19000000 2.072615
SL2.40ch09 19000000 20000000 1.486080
SL2.40ch09 20000000 21000000 1.593321
SL2.40ch09 21000000 22000000 0.763989
SL2.40ch09 22000000 23000000 0.825953
SL2.40ch09 23000000 24000000 2.331518
SL2.40ch09 24000000 25000000 1.098139
SL2.40ch09 25000000 26000000 0.603057
SL2.40ch09 26000000 27000000 0.318903
SL2.40ch09 27000000 28000000 0.931513
SL2.40ch09 28000000 29000000 0.474765
SL2.40ch09 29000000 30000000 2.518186
SL2.40ch09 30000000 31000000 2.822092
SL2.40ch09 31000000 32000000 1.547193
SL2.40ch09 32000000 33000000 1.942943
SL2.40ch09 33000000 34000000 1.135686
SL2.40ch09 34000000 35000000 1.052312
SL2.40ch09 35000000 36000000 5.275279
SL2.40ch09 36000000 37000000 0.821527
SL2.40ch09 37000000 38000000 1.437179
SL2.40ch09 38000000 39000000 0.556040
SL2.40ch09 39000000 40000000 1.169857
SL2.40ch09 40000000 41000000 1.374870
SL2.40ch09 41000000 42000000 2.518955
SL2.40ch09 42000000 43000000 2.406967
SL2.40ch09 43000000 44000000 1.460489
SL2.40ch09 44000000 45000000 2.874708
SL2.40ch09 45000000 46000000 3.261558
SL2.40ch09 46000000 47000000 0.923450
SL2.40ch09 47000000 48000000 1.714428
SL2.40ch09 48000000 49000000 2.970298
SL2.40ch09 49000000 50000000 1.843614
SL2.40ch09 50000000 51000000 2.774572
SL2.40ch09 51000000 52000000 1.046290
SL2.40ch09 52000000 53000000 2.318547
SL2.40ch09 53000000 54000000 3.561320
SL2.40ch09 54000000 55000000 3.083336
SL2.40ch09 55000000 56000000 1.848103
SL2.40ch09 56000000 57000000 2.633354
SL2.40ch09 57000000 58000000 3.945208
SL2.40ch09 58000000 59000000 3.042932
SL2.40ch09 59000000 60000000 4.680311
SL2.40ch09 60000000 61000000 3.094102
SL2.40ch09 61000000 62000000 4.314025
SL2.40ch09 62000000 63000000 3.521526
SL2.40ch09 63000000 64000000 3.386704
SL2.40ch09 64000000 65000000 3.352132
SL2.40ch09 65000000 66000000 3.846675
SL2.40ch09 66000000 67000000 4.107185
SL2.40ch09 67000000 67662091 4.526101
SL2.40ch10 0 1000000 4.678682
SL2.40ch10 1000000 2000000 3.969170
SL2.40ch10 2000000 3000000 3.248771
SL2.40ch10 3000000 4000000 2.592935
SL2.40ch10 4000000 5000000 3.176518
SL2.40ch10 5000000 6000000 2.491718
SL2.40ch10 6000000 7000000 8.581764
SL2.40ch10 7000000 8000000 3.249748
SL2.40ch10 8000000 9000000 3.883303
SL2.40ch10 9000000 10000000 1.450471
SL2.40ch10 10000000 11000000 2.029305
SL2.40ch10 11000000 12000000 1.424746
SL2.40ch10 12000000 13000000 2.173415
SL2.40ch10 13000000 14000000 2.713973
SL2.40ch10 14000000 15000000 1.814131
SL2.40ch10 15000000 16000000 2.736236
SL2.40ch10 16000000 17000000 0.141245
SL2.40ch10 17000000 18000000 0.941552
SL2.40ch10 18000000 19000000 0.777830
SL2.40ch10 19000000 20000000 1.784022
SL2.40ch10 20000000 21000000 2.703984
SL2.40ch10 21000000 22000000 2.604942
SL2.40ch10 22000000 23000000 5.121262
SL2.40ch10 23000000 24000000 1.402810
SL2.40ch10 24000000 25000000 2.088316
SL2.40ch10 25000000 26000000 1.806276
SL2.40ch10 26000000 27000000 0.463799
SL2.40ch10 27000000 28000000 1.180764
SL2.40ch10 28000000 29000000 2.480512
SL2.40ch10 29000000 30000000 0.780604
SL2.40ch10 30000000 31000000 2.426449
SL2.40ch10 31000000 32000000 4.062465
SL2.40ch10 32000000 33000000 2.954545
SL2.40ch10 33000000 34000000 0.679496
SL2.40ch10 34000000 35000000 1.794496
SL2.40ch10 35000000 36000000 2.830916
SL2.40ch10 36000000 37000000 5.449275
SL2.40ch10 37000000 38000000 3.090758
SL2.40ch10 38000000 39000000 1.768401
SL2.40ch10 39000000 40000000 3.297510
SL2.40ch10 40000000 41000000 2.866943
SL2.40ch10 41000000 42000000 3.046499
SL2.40ch10 42000000 43000000 2.699546
SL2.40ch10 43000000 44000000 2.788770
SL2.40ch10 44000000 45000000 0.872255
SL2.40ch10 45000000 46000000 2.619768
SL2.40ch10 46000000 47000000 1.807033
SL2.40ch10 47000000 48000000 1.497540
SL2.40ch10 48000000 49000000 2.527772
SL2.40ch10 49000000 50000000 1.456735
SL2.40ch10 50000000 51000000 1.951817
SL2.40ch10 51000000 52000000 1.974749
SL2.40ch10 52000000 53000000 2.316441
SL2.40ch10 53000000 54000000 1.748848
SL2.40ch10 54000000 55000000 1.544877
SL2.40ch10 55000000 56000000 1.840276
SL2.40ch10 56000000 57000000 1.608744
SL2.40ch10 57000000 58000000 3.360228
SL2.40ch10 58000000 59000000 2.429302
SL2.40ch10 59000000 60000000 3.810010
SL2.40ch10 60000000 61000000 4.431037
SL2.40ch10 61000000 62000000 4.050715
SL2.40ch10 62000000 63000000 4.111248
SL2.40ch10 63000000 64000000 3.863295
SL2.40ch10 64000000 64834305 4.155558
SL2.40ch11 0 1000000 4.452325
SL2.40ch11 1000000 2000000 4.467951
SL2.40ch11 2000000 3000000 4.592537
SL2.40ch11 3000000 4000000 3.862601
SL2.40ch11 4000000 5000000 3.602175
SL2.40ch11 5000000 6000000 3.815070
SL2.40ch11 6000000 7000000 2.522821
SL2.40ch11 7000000 8000000 2.911075
SL2.40ch11 8000000 9000000 2.769571
SL2.40ch11 9000000 10000000 3.752621
SL2.40ch11 10000000 11000000 4.394130
SL2.40ch11 11000000 12000000 5.429132
SL2.40ch11 12000000 13000000 4.031140
SL2.40ch11 13000000 14000000 16.089112
SL2.40ch11 14000000 15000000 4.725712
SL2.40ch11 15000000 16000000 4.621669
SL2.40ch11 16000000 17000000 2.122243
SL2.40ch11 17000000 18000000 3.861542
SL2.40ch11 18000000 19000000 3.052687
SL2.40ch11 19000000 20000000 1.280915
SL2.40ch11 20000000 21000000 2.060590
SL2.40ch11 21000000 22000000 2.331148
SL2.40ch11 22000000 23000000 2.205084
SL2.40ch11 23000000 24000000 4.552739
SL2.40ch11 24000000 25000000 1.462881
SL2.40ch11 25000000 26000000 1.978746
SL2.40ch11 26000000 27000000 1.765945
SL2.40ch11 27000000 28000000 1.237688
SL2.40ch11 28000000 29000000 3.202095
SL2.40ch11 29000000 30000000 0.799015
SL2.40ch11 30000000 31000000 2.654996
SL2.40ch11 31000000 32000000 2.783102
SL2.40ch11 32000000 33000000 1.767686
SL2.40ch11 33000000 34000000 0.345732
SL2.40ch11 34000000 35000000 2.926133
SL2.40ch11 35000000 36000000 4.417281
SL2.40ch11 36000000 37000000 3.878464
SL2.40ch11 37000000 38000000 3.186063
SL2.40ch11 38000000 39000000 1.060431
SL2.40ch11 39000000 40000000 0.989158
SL2.40ch11 40000000 41000000 3.010100
SL2.40ch11 41000000 42000000 4.577038
SL2.40ch11 42000000 43000000 5.068077
SL2.40ch11 43000000 44000000 9.309419
SL2.40ch11 44000000 45000000 0.818452
SL2.40ch11 45000000 46000000 6.332142
SL2.40ch11 46000000 47000000 5.053891
SL2.40ch11 47000000 48000000 3.443887
SL2.40ch11 48000000 49000000 2.940362
SL2.40ch11 49000000 50000000 3.672000
SL2.40ch11 50000000 51000000 3.542165
SL2.40ch11 51000000 52000000 3.963037
SL2.40ch11 52000000 53000000 4.422418
SL2.40ch11 53000000 53386025 4.382707
SL2.40ch12 0 1000000 4.388651
SL2.40ch12 1000000 2000000 4.944825
SL2.40ch12 2000000 3000000 3.569823
SL2.40ch12 3000000 4000000 3.392771
SL2.40ch12 4000000 5000000 4.386533
SL2.40ch12 5000000 6000000 3.213640
SL2.40ch12 6000000 7000000 3.384274
SL2.40ch12 7000000 8000000 3.312322
SL2.40ch12 8000000 9000000 0.918623
SL2.40ch12 9000000 10000000 2.245732
SL2.40ch12 10000000 11000000 2.278848
SL2.40ch12 11000000 12000000 1.398150
SL2.40ch12 12000000 13000000 2.447993
SL2.40ch12 13000000 14000000 1.193280
SL2.40ch12 14000000 15000000 2.394131
SL2.40ch12 15000000 16000000 1.458616
SL2.40ch12 16000000 17000000 1.415522
SL2.40ch12 17000000 18000000 1.084041
SL2.40ch12 18000000 19000000 0.982149
SL2.40ch12 19000000 20000000 0.684582
SL2.40ch12 20000000 21000000 0.787425
SL2.40ch12 21000000 22000000 1.494381
SL2.40ch12 22000000 23000000 3.600431
SL2.40ch12 23000000 24000000 2.852604
SL2.40ch12 24000000 25000000 3.026092
SL2.40ch12 25000000 26000000 1.980291
SL2.40ch12 26000000 27000000 3.167151
SL2.40ch12 27000000 28000000 1.350150
SL2.40ch12 28000000 29000000 3.467185
SL2.40ch12 29000000 30000000 5.297351
SL2.40ch12 30000000 31000000 4.252433
SL2.40ch12 31000000 32000000 2.599025
SL2.40ch12 32000000 33000000 2.249242
SL2.40ch12 33000000 34000000 2.066028
SL2.40ch12 34000000 35000000 2.072885
SL2.40ch12 35000000 36000000 3.229125
SL2.40ch12 36000000 37000000 1.392602
SL2.40ch12 37000000 38000000 1.352436
SL2.40ch12 38000000 39000000 1.886140
SL2.40ch12 39000000 40000000 4.634388
SL2.40ch12 40000000 41000000 2.199345
SL2.40ch12 41000000 42000000 2.233271
SL2.40ch12 42000000 43000000 2.893562
SL2.40ch12 43000000 44000000 2.522629
SL2.40ch12 44000000 45000000 5.536576
SL2.40ch12 45000000 46000000 2.792116
SL2.40ch12 46000000 47000000 2.316499
SL2.40ch12 47000000 48000000 3.509197
SL2.40ch12 48000000 49000000 2.320215
SL2.40ch12 49000000 50000000 2.033751
SL2.40ch12 50000000 51000000 2.673008
SL2.40ch12 51000000 52000000 4.027580
SL2.40ch12 52000000 53000000 1.066881
SL2.40ch12 53000000 54000000 2.503515
SL2.40ch12 54000000 55000000 2.235165
SL2.40ch12 55000000 56000000 3.086572
SL2.40ch12 56000000 57000000 0.712930
SL2.40ch12 57000000 58000000 0.983653
SL2.40ch12 58000000 59000000 0.622495
SL2.40ch12 59000000 60000000 0.603560
SL2.40ch12 60000000 61000000 0.632433
SL2.40ch12 61000000 62000000 1.076167
SL2.40ch12 62000000 63000000 3.848016
SL2.40ch12 63000000 64000000 4.616912
SL2.40ch12 64000000 65000000 4.467567
SL2.40ch12 65000000 65486253 4.691695
