SL2.40ch00 0 1000000 1.845907
SL2.40ch00 1000000 2000000 1.840665
SL2.40ch00 2000000 3000000 1.769984
SL2.40ch00 3000000 4000000 1.568982
SL2.40ch00 4000000 5000000 3.192462
SL2.40ch00 5000000 6000000 1.677280
SL2.40ch00 6000000 7000000 2.046097
SL2.40ch00 7000000 8000000 1.211804
SL2.40ch00 8000000 9000000 1.446655
SL2.40ch00 9000000 10000000 1.345225
SL2.40ch00 10000000 11000000 4.472033
SL2.40ch00 11000000 12000000 10.465387
SL2.40ch00 12000000 13000000 11.100541
SL2.40ch00 13000000 14000000 4.134519
SL2.40ch00 14000000 15000000 3.200258
SL2.40ch00 15000000 16000000 2.305793
SL2.40ch00 16000000 17000000 3.792982
SL2.40ch00 17000000 18000000 3.054884
SL2.40ch00 18000000 19000000 2.734118
SL2.40ch00 19000000 20000000 4.591934
SL2.40ch00 20000000 21000000 2.232290
SL2.40ch00 21000000 21805821 2.921309
SL2.40ch01 0 1000000 2.355934
SL2.40ch01 1000000 2000000 424.883262
SL2.40ch01 2000000 3000000 2.290271
SL2.40ch01 3000000 4000000 2.052573
SL2.40ch01 4000000 5000000 2.011882
SL2.40ch01 5000000 6000000 2.240443
SL2.40ch01 6000000 7000000 2.206435
SL2.40ch01 7000000 8000000 2.087139
SL2.40ch01 8000000 9000000 1.945074
SL2.40ch01 9000000 10000000 2.843298
SL2.40ch01 10000000 11000000 2.270151
SL2.40ch01 11000000 12000000 2.077056
SL2.40ch01 12000000 13000000 2.032257
SL2.40ch01 13000000 14000000 2.002273
SL2.40ch01 14000000 15000000 1.962946
SL2.40ch01 15000000 16000000 1.929740
SL2.40ch01 16000000 17000000 1.833252
SL2.40ch01 17000000 18000000 1.822879
SL2.40ch01 18000000 19000000 1.907640
SL2.40ch01 19000000 20000000 1.823770
SL2.40ch01 20000000 21000000 1.929484
SL2.40ch01 21000000 22000000 2.004909
SL2.40ch01 22000000 23000000 1.959541
SL2.40ch01 23000000 24000000 12.852125
SL2.40ch01 24000000 25000000 1.989205
SL2.40ch01 25000000 26000000 2.169610
SL2.40ch01 26000000 27000000 1.870167
SL2.40ch01 27000000 28000000 2.886139
SL2.40ch01 28000000 29000000 2.010559
SL2.40ch01 29000000 30000000 2.295571
SL2.40ch01 30000000 31000000 1.774196
SL2.40ch01 31000000 32000000 1.929153
SL2.40ch01 32000000 33000000 1.962202
SL2.40ch01 33000000 34000000 1.728642
SL2.40ch01 34000000 35000000 1.589770
SL2.40ch01 35000000 36000000 1.663372
SL2.40ch01 36000000 37000000 1.834751
SL2.40ch01 37000000 38000000 1.601222
SL2.40ch01 38000000 39000000 2.146703
SL2.40ch01 39000000 40000000 1.733902
SL2.40ch01 40000000 41000000 1.826680
SL2.40ch01 41000000 42000000 2.017842
SL2.40ch01 42000000 43000000 1.734610
SL2.40ch01 43000000 44000000 1.791155
SL2.40ch01 44000000 45000000 1.633558
SL2.40ch01 45000000 46000000 1.782588
SL2.40ch01 46000000 47000000 2.623974
SL2.40ch01 47000000 48000000 1.854495
SL2.40ch01 48000000 49000000 1.996883
SL2.40ch01 49000000 50000000 1.942355
SL2.40ch01 50000000 51000000 2.303425
SL2.40ch01 51000000 52000000 2.001067
SL2.40ch01 52000000 53000000 1.911093
SL2.40ch01 53000000 54000000 2.022138
SL2.40ch01 54000000 55000000 1.986659
SL2.40ch01 55000000 56000000 1.772184
SL2.40ch01 56000000 57000000 1.980498
SL2.40ch01 57000000 58000000 3.032323
SL2.40ch01 58000000 59000000 3.650393
SL2.40ch01 59000000 60000000 2.345151
SL2.40ch01 60000000 61000000 2.018910
SL2.40ch01 61000000 62000000 1.934666
SL2.40ch01 62000000 63000000 2.079515
SL2.40ch01 63000000 64000000 1.947497
SL2.40ch01 64000000 65000000 2.295629
SL2.40ch01 65000000 66000000 2.064896
SL2.40ch01 66000000 67000000 2.090974
SL2.40ch01 67000000 68000000 1.926806
SL2.40ch01 68000000 69000000 2.034500
SL2.40ch01 69000000 70000000 2.151170
SL2.40ch01 70000000 71000000 2.215659
SL2.40ch01 71000000 72000000 2.243475
SL2.40ch01 72000000 73000000 2.246476
SL2.40ch01 73000000 74000000 2.529078
SL2.40ch01 74000000 75000000 3.222720
SL2.40ch01 75000000 76000000 2.306842
SL2.40ch01 76000000 77000000 2.583812
SL2.40ch01 77000000 78000000 2.544872
SL2.40ch01 78000000 79000000 3.570433
SL2.40ch01 79000000 80000000 2.866987
SL2.40ch01 80000000 81000000 2.525000
SL2.40ch01 81000000 82000000 2.877968
SL2.40ch01 82000000 83000000 2.448744
SL2.40ch01 83000000 84000000 3.298460
SL2.40ch01 84000000 85000000 2.334550
SL2.40ch01 85000000 86000000 2.290194
SL2.40ch01 86000000 87000000 2.452574
SL2.40ch01 87000000 88000000 2.482061
SL2.40ch01 88000000 89000000 2.550593
SL2.40ch01 89000000 90000000 2.332043
SL2.40ch01 90000000 90304244 2.521784
SL2.40ch02 0 1000000 1.852135
SL2.40ch02 1000000 2000000 1.845465
SL2.40ch02 2000000 3000000 1.916979
SL2.40ch02 3000000 4000000 2.469294
SL2.40ch02 4000000 5000000 6.330425
SL2.40ch02 5000000 6000000 4.936113
SL2.40ch02 6000000 7000000 1.895142
SL2.40ch02 7000000 8000000 1.990333
SL2.40ch02 8000000 9000000 1.753957
SL2.40ch02 9000000 10000000 2.058076
SL2.40ch02 10000000 11000000 1.661353
SL2.40ch02 11000000 12000000 1.815398
SL2.40ch02 12000000 13000000 1.874809
SL2.40ch02 13000000 14000000 2.284320
SL2.40ch02 14000000 15000000 1.907555
SL2.40ch02 15000000 16000000 3.295947
SL2.40ch02 16000000 17000000 2.023795
SL2.40ch02 17000000 18000000 1.997353
SL2.40ch02 18000000 19000000 1.818822
SL2.40ch02 19000000 20000000 1.917001
SL2.40ch02 20000000 21000000 2.039760
SL2.40ch02 21000000 22000000 2.340610
SL2.40ch02 22000000 23000000 2.165944
SL2.40ch02 23000000 24000000 1.962386
SL2.40ch02 24000000 25000000 1.811590
SL2.40ch02 25000000 26000000 1.955022
SL2.40ch02 26000000 27000000 2.588929
SL2.40ch02 27000000 28000000 2.220379
SL2.40ch02 28000000 29000000 1.997457
SL2.40ch02 29000000 30000000 2.121711
SL2.40ch02 30000000 31000000 2.162531
SL2.40ch02 31000000 32000000 2.196192
SL2.40ch02 32000000 33000000 3.444615
SL2.40ch02 33000000 34000000 2.486492
SL2.40ch02 34000000 35000000 2.240910
SL2.40ch02 35000000 36000000 2.441213
SL2.40ch02 36000000 37000000 3.420865
SL2.40ch02 37000000 38000000 2.444766
SL2.40ch02 38000000 39000000 2.380067
SL2.40ch02 39000000 40000000 6.790721
SL2.40ch02 40000000 41000000 2.408551
SL2.40ch02 41000000 42000000 2.395383
SL2.40ch02 42000000 43000000 2.431008
SL2.40ch02 43000000 44000000 3.479449
SL2.40ch02 44000000 45000000 2.385383
SL2.40ch02 45000000 46000000 2.458449
SL2.40ch02 46000000 47000000 2.385749
SL2.40ch02 47000000 48000000 2.561277
SL2.40ch02 48000000 49000000 2.402309
SL2.40ch02 49000000 49918294 2.233084
SL2.40ch03 0 1000000 2.434800
SL2.40ch03 1000000 2000000 2.654629
SL2.40ch03 2000000 3000000 2.092978
SL2.40ch03 3000000 4000000 1.831437
SL2.40ch03 4000000 5000000 1.866456
SL2.40ch03 5000000 6000000 1.921611
SL2.40ch03 6000000 7000000 12.380208
SL2.40ch03 7000000 8000000 2.252355
SL2.40ch03 8000000 9000000 2.167891
SL2.40ch03 9000000 10000000 1.917797
SL2.40ch03 10000000 11000000 1.833339
SL2.40ch03 11000000 12000000 1.897576
SL2.40ch03 12000000 13000000 1.839843
SL2.40ch03 13000000 14000000 1.900619
SL2.40ch03 14000000 15000000 1.994933
SL2.40ch03 15000000 16000000 2.004910
SL2.40ch03 16000000 17000000 1.884707
SL2.40ch03 17000000 18000000 1.584442
SL2.40ch03 18000000 19000000 1.706459
SL2.40ch03 19000000 20000000 1.884070
SL2.40ch03 20000000 21000000 1.914913
SL2.40ch03 21000000 22000000 1.994924
SL2.40ch03 22000000 23000000 1.873194
SL2.40ch03 23000000 24000000 2.718205
SL2.40ch03 24000000 25000000 1.926306
SL2.40ch03 25000000 26000000 1.849106
SL2.40ch03 26000000 27000000 1.881688
SL2.40ch03 27000000 28000000 2.126032
SL2.40ch03 28000000 29000000 1.892592
SL2.40ch03 29000000 30000000 3.926795
SL2.40ch03 30000000 31000000 5.141888
SL2.40ch03 31000000 32000000 2.563467
SL2.40ch03 32000000 33000000 1.945869
SL2.40ch03 33000000 34000000 1.884376
SL2.40ch03 34000000 35000000 1.921115
SL2.40ch03 35000000 36000000 1.725326
SL2.40ch03 36000000 37000000 1.805407
SL2.40ch03 37000000 38000000 1.744344
SL2.40ch03 38000000 39000000 2.211685
SL2.40ch03 39000000 40000000 1.588535
SL2.40ch03 40000000 41000000 1.605391
SL2.40ch03 41000000 42000000 1.824090
SL2.40ch03 42000000 43000000 2.045681
SL2.40ch03 43000000 44000000 1.762388
SL2.40ch03 44000000 45000000 2.069953
SL2.40ch03 45000000 46000000 2.061601
SL2.40ch03 46000000 47000000 2.245778
SL2.40ch03 47000000 48000000 2.234365
SL2.40ch03 48000000 49000000 2.044450
SL2.40ch03 49000000 50000000 3.675208
SL2.40ch03 50000000 51000000 2.424052
SL2.40ch03 51000000 52000000 2.199468
SL2.40ch03 52000000 53000000 2.165768
SL2.40ch03 53000000 54000000 2.180916
SL2.40ch03 54000000 55000000 2.173437
SL2.40ch03 55000000 56000000 1.872006
SL2.40ch03 56000000 57000000 2.264692
SL2.40ch03 57000000 58000000 2.341662
SL2.40ch03 58000000 59000000 2.547133
SL2.40ch03 59000000 60000000 2.395350
SL2.40ch03 60000000 61000000 2.392126
SL2.40ch03 61000000 62000000 2.865859
SL2.40ch03 62000000 63000000 2.865403
SL2.40ch03 63000000 64000000 2.400241
SL2.40ch03 64000000 64840714 2.339835
SL2.40ch04 0 1000000 2.373803
SL2.40ch04 1000000 2000000 2.236138
SL2.40ch04 2000000 3000000 2.281216
SL2.40ch04 3000000 4000000 2.765054
SL2.40ch04 4000000 5000000 2.109011
SL2.40ch04 5000000 6000000 2.138820
SL2.40ch04 6000000 7000000 2.609058
SL2.40ch04 7000000 8000000 1.946877
SL2.40ch04 8000000 9000000 1.965096
SL2.40ch04 9000000 10000000 1.900194
SL2.40ch04 10000000 11000000 2.013800
SL2.40ch04 11000000 12000000 2.067217
SL2.40ch04 12000000 13000000 3.784841
SL2.40ch04 13000000 14000000 2.179170
SL2.40ch04 14000000 15000000 1.976777
SL2.40ch04 15000000 16000000 2.204386
SL2.40ch04 16000000 17000000 1.942404
SL2.40ch04 17000000 18000000 1.992131
SL2.40ch04 18000000 19000000 1.941332
SL2.40ch04 19000000 20000000 1.873098
SL2.40ch04 20000000 21000000 1.816703
SL2.40ch04 21000000 22000000 1.878697
SL2.40ch04 22000000 23000000 2.074541
SL2.40ch04 23000000 24000000 1.861031
SL2.40ch04 24000000 25000000 2.617675
SL2.40ch04 25000000 26000000 1.841464
SL2.40ch04 26000000 27000000 1.835449
SL2.40ch04 27000000 28000000 1.880951
SL2.40ch04 28000000 29000000 1.892501
SL2.40ch04 29000000 30000000 1.487685
SL2.40ch04 30000000 31000000 1.823101
SL2.40ch04 31000000 32000000 1.866523
SL2.40ch04 32000000 33000000 1.908648
SL2.40ch04 33000000 34000000 3.202537
SL2.40ch04 34000000 35000000 1.766218
SL2.40ch04 35000000 36000000 1.735056
SL2.40ch04 36000000 37000000 1.829037
SL2.40ch04 37000000 38000000 1.885175
SL2.40ch04 38000000 39000000 1.881071
SL2.40ch04 39000000 40000000 1.880768
SL2.40ch04 40000000 41000000 2.180999
SL2.40ch04 41000000 42000000 1.939296
SL2.40ch04 42000000 43000000 2.079365
SL2.40ch04 43000000 44000000 2.093150
SL2.40ch04 44000000 45000000 2.008766
SL2.40ch04 45000000 46000000 1.895725
SL2.40ch04 46000000 47000000 2.075718
SL2.40ch04 47000000 48000000 2.098193
SL2.40ch04 48000000 49000000 2.061276
SL2.40ch04 49000000 50000000 2.051222
SL2.40ch04 50000000 51000000 2.199137
SL2.40ch04 51000000 52000000 1.937481
SL2.40ch04 52000000 53000000 2.046995
SL2.40ch04 53000000 54000000 2.150441
SL2.40ch04 54000000 55000000 2.308142
SL2.40ch04 55000000 56000000 2.186671
SL2.40ch04 56000000 57000000 2.364022
SL2.40ch04 57000000 58000000 2.285669
SL2.40ch04 58000000 59000000 2.167888
SL2.40ch04 59000000 60000000 2.188186
SL2.40ch04 60000000 61000000 2.466795
SL2.40ch04 61000000 62000000 2.533065
SL2.40ch04 62000000 63000000 2.906201
SL2.40ch04 63000000 64000000 2.441278
SL2.40ch04 64000000 64064312 2.285286
SL2.40ch05 0 1000000 2.357522
SL2.40ch05 1000000 2000000 2.459917
SL2.40ch05 2000000 3000000 2.457205
SL2.40ch05 3000000 4000000 2.299851
SL2.40ch05 4000000 5000000 2.255083
SL2.40ch05 5000000 6000000 2.240335
SL2.40ch05 6000000 7000000 4.153823
SL2.40ch05 7000000 8000000 2.148477
SL2.40ch05 8000000 9000000 1.963659
SL2.40ch05 9000000 10000000 1.965031
SL2.40ch05 10000000 11000000 1.957973
SL2.40ch05 11000000 12000000 2.069456
SL2.40ch05 12000000 13000000 1.860293
SL2.40ch05 13000000 14000000 1.949879
SL2.40ch05 14000000 15000000 3.482665
SL2.40ch05 15000000 16000000 2.038592
SL2.40ch05 16000000 17000000 1.707799
SL2.40ch05 17000000 18000000 1.781312
SL2.40ch05 18000000 19000000 1.983074
SL2.40ch05 19000000 20000000 2.081707
SL2.40ch05 20000000 21000000 2.065711
SL2.40ch05 21000000 22000000 1.741062
SL2.40ch05 22000000 23000000 1.869144
SL2.40ch05 23000000 24000000 2.314675
SL2.40ch05 24000000 25000000 1.891636
SL2.40ch05 25000000 26000000 2.610697
SL2.40ch05 26000000 27000000 2.102443
SL2.40ch05 27000000 28000000 1.656557
SL2.40ch05 28000000 29000000 2.522040
SL2.40ch05 29000000 30000000 1.942173
SL2.40ch05 30000000 31000000 2.206391
SL2.40ch05 31000000 32000000 1.999793
SL2.40ch05 32000000 33000000 1.895935
SL2.40ch05 33000000 34000000 1.771642
SL2.40ch05 34000000 35000000 3.251818
SL2.40ch05 35000000 36000000 1.903768
SL2.40ch05 36000000 37000000 1.925960
SL2.40ch05 37000000 38000000 1.911594
SL2.40ch05 38000000 39000000 2.000195
SL2.40ch05 39000000 40000000 1.973271
SL2.40ch05 40000000 41000000 1.945044
SL2.40ch05 41000000 42000000 1.920297
SL2.40ch05 42000000 43000000 1.658239
SL2.40ch05 43000000 44000000 1.786274
SL2.40ch05 44000000 45000000 3.128870
SL2.40ch05 45000000 46000000 1.900584
SL2.40ch05 46000000 47000000 1.889773
SL2.40ch05 47000000 48000000 1.862347
SL2.40ch05 48000000 49000000 1.977935
SL2.40ch05 49000000 50000000 1.936027
SL2.40ch05 50000000 51000000 3.882875
SL2.40ch05 51000000 52000000 2.002122
SL2.40ch05 52000000 53000000 1.935299
SL2.40ch05 53000000 54000000 2.304131
SL2.40ch05 54000000 55000000 1.879937
SL2.40ch05 55000000 56000000 2.068249
SL2.40ch05 56000000 57000000 2.284391
SL2.40ch05 57000000 58000000 1.939597
SL2.40ch05 58000000 59000000 4.084640
SL2.40ch05 59000000 60000000 1.931780
SL2.40ch05 60000000 61000000 1.921696
SL2.40ch05 61000000 62000000 4.197507
SL2.40ch05 62000000 63000000 2.294527
SL2.40ch05 63000000 64000000 2.388569
SL2.40ch05 64000000 65000000 2.416733
SL2.40ch05 65000000 65021438 1.673368
SL2.40ch06 0 1000000 2.225887
SL2.40ch06 1000000 2000000 2.248527
SL2.40ch06 2000000 3000000 2.738633
SL2.40ch06 3000000 4000000 2.235159
SL2.40ch06 4000000 5000000 2.977003
SL2.40ch06 5000000 6000000 1.861870
SL2.40ch06 6000000 7000000 2.307383
SL2.40ch06 7000000 8000000 2.267446
SL2.40ch06 8000000 9000000 1.697617
SL2.40ch06 9000000 10000000 4.253939
SL2.40ch06 10000000 11000000 1.893032
SL2.40ch06 11000000 12000000 1.871252
SL2.40ch06 12000000 13000000 1.754704
SL2.40ch06 13000000 14000000 1.643207
SL2.40ch06 14000000 15000000 1.902929
SL2.40ch06 15000000 16000000 1.884308
SL2.40ch06 16000000 17000000 2.916687
SL2.40ch06 17000000 18000000 2.602035
SL2.40ch06 18000000 19000000 3.033254
SL2.40ch06 19000000 20000000 1.946038
SL2.40ch06 20000000 21000000 2.566561
SL2.40ch06 21000000 22000000 2.597628
SL2.40ch06 22000000 23000000 1.856627
SL2.40ch06 23000000 24000000 2.016842
SL2.40ch06 24000000 25000000 1.743819
SL2.40ch06 25000000 26000000 1.861547
SL2.40ch06 26000000 27000000 1.787783
SL2.40ch06 27000000 28000000 1.901028
SL2.40ch06 28000000 29000000 2.004522
SL2.40ch06 29000000 30000000 2.024269
SL2.40ch06 30000000 31000000 2.030704
SL2.40ch06 31000000 32000000 2.056690
SL2.40ch06 32000000 33000000 2.218022
SL2.40ch06 33000000 34000000 3.468701
SL2.40ch06 34000000 35000000 2.208418
SL2.40ch06 35000000 36000000 2.588610
SL2.40ch06 36000000 37000000 2.385882
SL2.40ch06 37000000 38000000 2.322891
SL2.40ch06 38000000 39000000 2.560945
SL2.40ch06 39000000 40000000 3.564100
SL2.40ch06 40000000 41000000 2.720161
SL2.40ch06 41000000 42000000 3.508048
SL2.40ch06 42000000 43000000 6.511732
SL2.40ch06 43000000 44000000 2.523837
SL2.40ch06 44000000 45000000 2.335248
SL2.40ch06 45000000 46000000 3.513702
SL2.40ch06 46000000 46041636 1.759721
SL2.40ch07 0 1000000 3.620228
SL2.40ch07 1000000 2000000 2.599307
SL2.40ch07 2000000 3000000 2.416754
SL2.40ch07 3000000 4000000 2.574435
SL2.40ch07 4000000 5000000 2.068666
SL2.40ch07 5000000 6000000 2.122199
SL2.40ch07 6000000 7000000 2.076644
SL2.40ch07 7000000 8000000 2.126894
SL2.40ch07 8000000 9000000 1.923886
SL2.40ch07 9000000 10000000 1.920849
SL2.40ch07 10000000 11000000 2.431033
SL2.40ch07 11000000 12000000 2.052305
SL2.40ch07 12000000 13000000 1.973854
SL2.40ch07 13000000 14000000 1.977360
SL2.40ch07 14000000 15000000 2.164254
SL2.40ch07 15000000 16000000 1.827857
SL2.40ch07 16000000 17000000 2.446071
SL2.40ch07 17000000 18000000 2.103265
SL2.40ch07 18000000 19000000 1.825969
SL2.40ch07 19000000 20000000 1.825116
SL2.40ch07 20000000 21000000 1.799336
SL2.40ch07 21000000 22000000 1.805228
SL2.40ch07 22000000 23000000 1.607800
SL2.40ch07 23000000 24000000 1.732366
SL2.40ch07 24000000 25000000 1.864992
SL2.40ch07 25000000 26000000 1.710038
SL2.40ch07 26000000 27000000 1.784189
SL2.40ch07 27000000 28000000 1.715608
SL2.40ch07 28000000 29000000 2.930188
SL2.40ch07 29000000 30000000 2.033102
SL2.40ch07 30000000 31000000 2.499105
SL2.40ch07 31000000 32000000 1.952600
SL2.40ch07 32000000 33000000 2.833833
SL2.40ch07 33000000 34000000 1.828271
SL2.40ch07 34000000 35000000 1.787677
SL2.40ch07 35000000 36000000 1.893859
SL2.40ch07 36000000 37000000 1.801773
SL2.40ch07 37000000 38000000 1.817319
SL2.40ch07 38000000 39000000 2.374724
SL2.40ch07 39000000 40000000 1.832631
SL2.40ch07 40000000 41000000 1.927268
SL2.40ch07 41000000 42000000 1.962444
SL2.40ch07 42000000 43000000 1.944318
SL2.40ch07 43000000 44000000 2.018833
SL2.40ch07 44000000 45000000 1.950118
SL2.40ch07 45000000 46000000 1.711294
SL2.40ch07 46000000 47000000 1.954693
SL2.40ch07 47000000 48000000 1.946830
SL2.40ch07 48000000 49000000 2.640435
SL2.40ch07 49000000 50000000 2.120159
SL2.40ch07 50000000 51000000 2.001047
SL2.40ch07 51000000 52000000 2.276282
SL2.40ch07 52000000 53000000 2.110321
SL2.40ch07 53000000 54000000 2.118145
SL2.40ch07 54000000 55000000 2.030814
SL2.40ch07 55000000 56000000 2.231811
SL2.40ch07 56000000 57000000 3.756067
SL2.40ch07 57000000 58000000 2.092247
SL2.40ch07 58000000 59000000 2.176744
SL2.40ch07 59000000 60000000 2.392291
SL2.40ch07 60000000 61000000 2.267332
SL2.40ch07 61000000 62000000 2.383775
SL2.40ch07 62000000 63000000 2.416639
SL2.40ch07 63000000 64000000 2.525614
SL2.40ch07 64000000 65000000 2.432066
SL2.40ch07 65000000 65268621 2.215680
SL2.40ch08 0 1000000 2.342041
SL2.40ch08 1000000 2000000 2.248063
SL2.40ch08 2000000 3000000 2.249552
SL2.40ch08 3000000 4000000 2.185201
SL2.40ch08 4000000 5000000 2.472988
SL2.40ch08 5000000 6000000 2.028123
SL2.40ch08 6000000 7000000 2.729840
SL2.40ch08 7000000 8000000 1.949492
SL2.40ch08 8000000 9000000 1.868344
SL2.40ch08 9000000 10000000 1.872160
SL2.40ch08 10000000 11000000 1.980823
SL2.40ch08 11000000 12000000 1.703957
SL2.40ch08 12000000 13000000 2.879568
SL2.40ch08 13000000 14000000 1.643285
SL2.40ch08 14000000 15000000 1.861749
SL2.40ch08 15000000 16000000 1.926149
SL2.40ch08 16000000 17000000 3.232286
SL2.40ch08 17000000 18000000 1.598462
SL2.40ch08 18000000 19000000 1.665799
SL2.40ch08 19000000 20000000 1.692971
SL2.40ch08 20000000 21000000 1.649371
SL2.40ch08 21000000 22000000 9.954905
SL2.40ch08 22000000 23000000 2.189675
SL2.40ch08 23000000 24000000 2.408191
SL2.40ch08 24000000 25000000 1.941894
SL2.40ch08 25000000 26000000 2.632935
SL2.40ch08 26000000 27000000 1.886762
SL2.40ch08 27000000 28000000 3.107262
SL2.40ch08 28000000 29000000 1.959073
SL2.40ch08 29000000 30000000 1.832007
SL2.40ch08 30000000 31000000 1.981188
SL2.40ch08 31000000 32000000 1.778384
SL2.40ch08 32000000 33000000 1.668506
SL2.40ch08 33000000 34000000 1.810423
SL2.40ch08 34000000 35000000 2.333258
SL2.40ch08 35000000 36000000 1.844376
SL2.40ch08 36000000 37000000 1.806915
SL2.40ch08 37000000 38000000 1.857939
SL2.40ch08 38000000 39000000 1.756055
SL2.40ch08 39000000 40000000 1.751681
SL2.40ch08 40000000 41000000 1.756279
SL2.40ch08 41000000 42000000 1.926024
SL2.40ch08 42000000 43000000 1.985637
SL2.40ch08 43000000 44000000 2.020592
SL2.40ch08 44000000 45000000 5.543891
SL2.40ch08 45000000 46000000 2.053675
SL2.40ch08 46000000 47000000 1.941186
SL2.40ch08 47000000 48000000 1.991563
SL2.40ch08 48000000 49000000 2.517033
SL2.40ch08 49000000 50000000 2.126066
SL2.40ch08 50000000 51000000 2.143337
SL2.40ch08 51000000 52000000 2.848717
SL2.40ch08 52000000 53000000 1.997398
SL2.40ch08 53000000 54000000 2.214154
SL2.40ch08 54000000 55000000 2.364886
SL2.40ch08 55000000 56000000 2.229938
SL2.40ch08 56000000 57000000 2.310903
SL2.40ch08 57000000 58000000 2.459749
SL2.40ch08 58000000 59000000 2.462432
SL2.40ch08 59000000 60000000 2.487010
SL2.40ch08 60000000 61000000 2.372973
SL2.40ch08 61000000 62000000 2.654550
SL2.40ch08 62000000 63000000 2.420637
SL2.40ch08 63000000 63032657 2.152713
SL2.40ch09 0 1000000 2.086228
SL2.40ch09 1000000 2000000 2.318902
SL2.40ch09 2000000 3000000 3.241164
SL2.40ch09 3000000 4000000 2.459720
SL2.40ch09 4000000 5000000 2.309493
SL2.40ch09 5000000 6000000 2.009765
SL2.40ch09 6000000 7000000 2.014335
SL2.40ch09 7000000 8000000 2.096652
SL2.40ch09 8000000 9000000 3.145774
SL2.40ch09 9000000 10000000 1.971722
SL2.40ch09 10000000 11000000 1.927574
SL2.40ch09 11000000 12000000 3.155324
SL2.40ch09 12000000 13000000 1.815835
SL2.40ch09 13000000 14000000 2.464117
SL2.40ch09 14000000 15000000 1.932355
SL2.40ch09 15000000 16000000 1.996430
SL2.40ch09 16000000 17000000 1.872930
SL2.40ch09 17000000 18000000 2.197455
SL2.40ch09 18000000 19000000 2.210536
SL2.40ch09 19000000 20000000 1.773414
SL2.40ch09 20000000 21000000 1.914337
SL2.40ch09 21000000 22000000 2.151698
SL2.40ch09 22000000 23000000 1.795434
SL2.40ch09 23000000 24000000 1.914968
SL2.40ch09 24000000 25000000 1.802221
SL2.40ch09 25000000 26000000 1.515798
SL2.40ch09 26000000 27000000 1.584001
SL2.40ch09 27000000 28000000 1.874926
SL2.40ch09 28000000 29000000 2.123721
SL2.40ch09 29000000 30000000 1.903808
SL2.40ch09 30000000 31000000 2.308422
SL2.40ch09 31000000 32000000 1.925897
SL2.40ch09 32000000 33000000 2.448397
SL2.40ch09 33000000 34000000 1.921766
SL2.40ch09 34000000 35000000 1.783733
SL2.40ch09 35000000 36000000 6.172123
SL2.40ch09 36000000 37000000 1.912258
SL2.40ch09 37000000 38000000 1.902338
SL2.40ch09 38000000 39000000 1.799179
SL2.40ch09 39000000 40000000 1.836119
SL2.40ch09 40000000 41000000 2.391911
SL2.40ch09 41000000 42000000 4.091612
SL2.40ch09 42000000 43000000 2.049298
SL2.40ch09 43000000 44000000 1.798250
SL2.40ch09 44000000 45000000 2.818012
SL2.40ch09 45000000 46000000 2.037772
SL2.40ch09 46000000 47000000 2.351843
SL2.40ch09 47000000 48000000 1.902520
SL2.40ch09 48000000 49000000 2.262772
SL2.40ch09 49000000 50000000 1.931931
SL2.40ch09 50000000 51000000 2.967146
SL2.40ch09 51000000 52000000 2.052619
SL2.40ch09 52000000 53000000 1.874374
SL2.40ch09 53000000 54000000 2.075687
SL2.40ch09 54000000 55000000 3.881967
SL2.40ch09 55000000 56000000 1.901533
SL2.40ch09 56000000 57000000 2.324277
SL2.40ch09 57000000 58000000 4.448367
SL2.40ch09 58000000 59000000 1.969957
SL2.40ch09 59000000 60000000 4.025606
SL2.40ch09 60000000 61000000 2.056553
SL2.40ch09 61000000 62000000 2.483371
SL2.40ch09 62000000 63000000 2.353826
SL2.40ch09 63000000 64000000 2.256678
SL2.40ch09 64000000 65000000 2.305566
SL2.40ch09 65000000 66000000 2.347257
SL2.40ch09 66000000 67000000 2.354672
SL2.40ch09 67000000 67662091 2.678500
SL2.40ch10 0 1000000 2.338196
SL2.40ch10 1000000 2000000 2.663754
SL2.40ch10 2000000 3000000 2.268849
SL2.40ch10 3000000 4000000 2.082315
SL2.40ch10 4000000 5000000 4.406665
SL2.40ch10 5000000 6000000 2.151497
SL2.40ch10 6000000 7000000 17.763717
SL2.40ch10 7000000 8000000 1.970951
SL2.40ch10 8000000 9000000 2.407736
SL2.40ch10 9000000 10000000 1.971005
SL2.40ch10 10000000 11000000 2.091642
SL2.40ch10 11000000 12000000 1.809966
SL2.40ch10 12000000 13000000 1.846022
SL2.40ch10 13000000 14000000 1.766177
SL2.40ch10 14000000 15000000 1.743624
SL2.40ch10 15000000 16000000 5.927055
SL2.40ch10 16000000 17000000 1.713637
SL2.40ch10 17000000 18000000 1.861647
SL2.40ch10 18000000 19000000 2.116979
SL2.40ch10 19000000 20000000 1.896063
SL2.40ch10 20000000 21000000 1.957734
SL2.40ch10 21000000 22000000 1.899173
SL2.40ch10 22000000 23000000 8.968485
SL2.40ch10 23000000 24000000 2.311576
SL2.40ch10 24000000 25000000 1.910112
SL2.40ch10 25000000 26000000 1.986357
SL2.40ch10 26000000 27000000 1.945822
SL2.40ch10 27000000 28000000 1.832523
SL2.40ch10 28000000 29000000 2.275236
SL2.40ch10 29000000 30000000 1.883025
SL2.40ch10 30000000 31000000 1.837393
SL2.40ch10 31000000 32000000 1.874689
SL2.40ch10 32000000 33000000 2.291004
SL2.40ch10 33000000 34000000 1.879769
SL2.40ch10 34000000 35000000 2.842280
SL2.40ch10 35000000 36000000 1.976444
SL2.40ch10 36000000 37000000 10.438808
SL2.40ch10 37000000 38000000 2.276954
SL2.40ch10 38000000 39000000 1.973255
SL2.40ch10 39000000 40000000 2.836453
SL2.40ch10 40000000 41000000 2.005764
SL2.40ch10 41000000 42000000 2.731281
SL2.40ch10 42000000 43000000 1.984738
SL2.40ch10 43000000 44000000 2.352583
SL2.40ch10 44000000 45000000 1.881623
SL2.40ch10 45000000 46000000 2.166625
SL2.40ch10 46000000 47000000 1.833343
SL2.40ch10 47000000 48000000 1.900933
SL2.40ch10 48000000 49000000 2.408988
SL2.40ch10 49000000 50000000 2.442602
SL2.40ch10 50000000 51000000 1.999629
SL2.40ch10 51000000 52000000 1.926563
SL2.40ch10 52000000 53000000 1.950486
SL2.40ch10 53000000 54000000 2.247860
SL2.40ch10 54000000 55000000 1.754116
SL2.40ch10 55000000 56000000 1.742380
SL2.40ch10 56000000 57000000 2.320835
SL2.40ch10 57000000 58000000 2.376762
SL2.40ch10 58000000 59000000 1.919152
SL2.40ch10 59000000 60000000 2.306866
SL2.40ch10 60000000 61000000 2.743715
SL2.40ch10 61000000 62000000 2.423506
SL2.40ch10 62000000 63000000 2.818873
SL2.40ch10 63000000 64000000 2.414898
SL2.40ch10 64000000 64834305 2.319786
SL2.40ch11 0 1000000 2.279756
SL2.40ch11 1000000 2000000 2.405487
SL2.40ch11 2000000 3000000 2.299009
SL2.40ch11 3000000 4000000 2.028601
SL2.40ch11 4000000 5000000 2.209517
SL2.40ch11 5000000 6000000 2.247365
SL2.40ch11 6000000 7000000 2.053897
SL2.40ch11 7000000 8000000 2.123817
SL2.40ch11 8000000 9000000 1.959943
SL2.40ch11 9000000 10000000 1.944953
SL2.40ch11 10000000 11000000 1.927513
SL2.40ch11 11000000 12000000 1.884036
SL2.40ch11 12000000 13000000 2.578884
SL2.40ch11 13000000 14000000 36.304723
SL2.40ch11 14000000 15000000 1.925239
SL2.40ch11 15000000 16000000 2.525382
SL2.40ch11 16000000 17000000 1.774595
SL2.40ch11 17000000 18000000 1.950620
SL2.40ch11 18000000 19000000 1.857508
SL2.40ch11 19000000 20000000 1.858283
SL2.40ch11 20000000 21000000 1.941927
SL2.40ch11 21000000 22000000 1.968497
SL2.40ch11 22000000 23000000 1.858060
SL2.40ch11 23000000 24000000 4.698880
SL2.40ch11 24000000 25000000 1.947671
SL2.40ch11 25000000 26000000 1.920780
SL2.40ch11 26000000 27000000 1.926091
SL2.40ch11 27000000 28000000 1.810063
SL2.40ch11 28000000 29000000 2.541774
SL2.40ch11 29000000 30000000 1.915588
SL2.40ch11 30000000 31000000 1.913459
SL2.40ch11 31000000 32000000 2.031372
SL2.40ch11 32000000 33000000 1.979413
SL2.40ch11 33000000 34000000 1.922373
SL2.40ch11 34000000 35000000 2.041834
SL2.40ch11 35000000 36000000 5.229825
SL2.40ch11 36000000 37000000 3.179348
SL2.40ch11 37000000 38000000 2.590474
SL2.40ch11 38000000 39000000 2.001267
SL2.40ch11 39000000 40000000 1.756546
SL2.40ch11 40000000 41000000 1.726698
SL2.40ch11 41000000 42000000 4.097198
SL2.40ch11 42000000 43000000 2.760422
SL2.40ch11 43000000 44000000 7.710808
SL2.40ch11 44000000 45000000 1.743525
SL2.40ch11 45000000 46000000 6.912610
SL2.40ch11 46000000 47000000 4.017963
SL2.40ch11 47000000 48000000 2.864119
SL2.40ch11 48000000 49000000 1.983878
SL2.40ch11 49000000 50000000 2.292818
SL2.40ch11 50000000 51000000 2.221426
SL2.40ch11 51000000 52000000 2.230828
SL2.40ch11 52000000 53000000 2.318204
SL2.40ch11 53000000 53386025 2.258725
SL2.40ch12 0 1000000 2.805219
SL2.40ch12 1000000 2000000 4.874765
SL2.40ch12 2000000 3000000 2.221915
SL2.40ch12 3000000 4000000 2.355052
SL2.40ch12 4000000 5000000 2.464743
SL2.40ch12 5000000 6000000 2.299617
SL2.40ch12 6000000 7000000 2.043168
SL2.40ch12 7000000 8000000 3.305850
SL2.40ch12 8000000 9000000 1.871680
SL2.40ch12 9000000 10000000 2.056188
SL2.40ch12 10000000 11000000 1.937457
SL2.40ch12 11000000 12000000 2.324150
SL2.40ch12 12000000 13000000 1.992394
SL2.40ch12 13000000 14000000 1.956478
SL2.40ch12 14000000 15000000 1.785411
SL2.40ch12 15000000 16000000 1.896254
SL2.40ch12 16000000 17000000 1.672884
SL2.40ch12 17000000 18000000 2.790226
SL2.40ch12 18000000 19000000 1.818118
SL2.40ch12 19000000 20000000 1.838246
SL2.40ch12 20000000 21000000 1.793345
SL2.40ch12 21000000 22000000 1.949768
SL2.40ch12 22000000 23000000 7.410596
SL2.40ch12 23000000 24000000 1.855243
SL2.40ch12 24000000 25000000 2.176945
SL2.40ch12 25000000 26000000 1.821838
SL2.40ch12 26000000 27000000 3.861083
SL2.40ch12 27000000 28000000 1.821138
SL2.40ch12 28000000 29000000 1.910630
SL2.40ch12 29000000 30000000 5.169041
SL2.40ch12 30000000 31000000 1.937366
SL2.40ch12 31000000 32000000 3.068294
SL2.40ch12 32000000 33000000 2.083976
SL2.40ch12 33000000 34000000 2.815647
SL2.40ch12 34000000 35000000 2.194023
SL2.40ch12 35000000 36000000 1.956495
SL2.40ch12 36000000 37000000 1.992354
SL2.40ch12 37000000 38000000 2.211454
SL2.40ch12 38000000 39000000 1.818431
SL2.40ch12 39000000 40000000 2.117385
SL2.40ch12 40000000 41000000 1.873835
SL2.40ch12 41000000 42000000 1.930228
SL2.40ch12 42000000 43000000 1.873590
SL2.40ch12 43000000 44000000 1.882416
SL2.40ch12 44000000 45000000 1.930299
SL2.40ch12 45000000 46000000 2.035281
SL2.40ch12 46000000 47000000 2.094785
SL2.40ch12 47000000 48000000 2.477053
SL2.40ch12 48000000 49000000 2.081473
SL2.40ch12 49000000 50000000 1.746563
SL2.40ch12 50000000 51000000 1.710384
SL2.40ch12 51000000 52000000 3.420243
SL2.40ch12 52000000 53000000 2.066771
SL2.40ch12 53000000 54000000 1.919253
SL2.40ch12 54000000 55000000 2.306525
SL2.40ch12 55000000 56000000 2.620209
SL2.40ch12 56000000 57000000 1.707670
SL2.40ch12 57000000 58000000 1.815503
SL2.40ch12 58000000 59000000 1.795187
SL2.40ch12 59000000 60000000 1.721905
SL2.40ch12 60000000 61000000 1.834249
SL2.40ch12 61000000 62000000 1.870858
SL2.40ch12 62000000 63000000 2.347279
SL2.40ch12 63000000 64000000 4.102026
SL2.40ch12 64000000 65000000 2.361050
SL2.40ch12 65000000 65486253 2.291929
