SL2.40ch00 0 1000000 32.911000
SL2.40ch00 1000000 2000000 32.271000
SL2.40ch00 2000000 3000000 32.408500
SL2.40ch00 3000000 4000000 30.060800
SL2.40ch00 4000000 5000000 31.731700
SL2.40ch00 5000000 6000000 32.928300
SL2.40ch00 6000000 7000000 32.412000
SL2.40ch00 7000000 8000000 32.541200
SL2.40ch00 8000000 9000000 28.293800
SL2.40ch00 9000000 10000000 25.221500
SL2.40ch00 10000000 11000000 26.011500
SL2.40ch00 11000000 12000000 28.970300
SL2.40ch00 12000000 13000000 33.999100
SL2.40ch00 13000000 14000000 31.713200
SL2.40ch00 14000000 15000000 31.940900
SL2.40ch00 15000000 16000000 33.154500
SL2.40ch00 16000000 17000000 34.090700
SL2.40ch00 17000000 18000000 35.848200
SL2.40ch00 18000000 19000000 36.164600
SL2.40ch00 19000000 20000000 36.399100
SL2.40ch00 20000000 21000000 36.384700
SL2.40ch00 21000000 21805821 37.470853
SL2.40ch01 0 1000000 31.313700
SL2.40ch01 1000000 2000000 30.356500
SL2.40ch01 2000000 3000000 32.030500
SL2.40ch01 3000000 4000000 28.851800
SL2.40ch01 4000000 5000000 27.620400
SL2.40ch01 5000000 6000000 30.134100
SL2.40ch01 6000000 7000000 30.133800
SL2.40ch01 7000000 8000000 32.624900
SL2.40ch01 8000000 9000000 31.772300
SL2.40ch01 9000000 10000000 30.840800
SL2.40ch01 10000000 11000000 30.420800
SL2.40ch01 11000000 12000000 31.723000
SL2.40ch01 12000000 13000000 31.756900
SL2.40ch01 13000000 14000000 31.839700
SL2.40ch01 14000000 15000000 33.108300
SL2.40ch01 15000000 16000000 32.698400
SL2.40ch01 16000000 17000000 31.133800
SL2.40ch01 17000000 18000000 30.905500
SL2.40ch01 18000000 19000000 30.931500
SL2.40ch01 19000000 20000000 32.160500
SL2.40ch01 20000000 21000000 33.081100
SL2.40ch01 21000000 22000000 32.781900
SL2.40ch01 22000000 23000000 32.383100
SL2.40ch01 23000000 24000000 32.643700
SL2.40ch01 24000000 25000000 32.873000
SL2.40ch01 25000000 26000000 33.487800
SL2.40ch01 26000000 27000000 32.743700
SL2.40ch01 27000000 28000000 32.629600
SL2.40ch01 28000000 29000000 32.614900
SL2.40ch01 29000000 30000000 31.056000
SL2.40ch01 30000000 31000000 31.836400
SL2.40ch01 31000000 32000000 34.087900
SL2.40ch01 32000000 33000000 32.052400
SL2.40ch01 33000000 34000000 31.446400
SL2.40ch01 34000000 35000000 32.476600
SL2.40ch01 35000000 36000000 31.924000
SL2.40ch01 36000000 37000000 33.451400
SL2.40ch01 37000000 38000000 31.925300
SL2.40ch01 38000000 39000000 33.339900
SL2.40ch01 39000000 40000000 34.010700
SL2.40ch01 40000000 41000000 31.966400
SL2.40ch01 41000000 42000000 32.603400
SL2.40ch01 42000000 43000000 32.579000
SL2.40ch01 43000000 44000000 33.311600
SL2.40ch01 44000000 45000000 34.507400
SL2.40ch01 45000000 46000000 34.973800
SL2.40ch01 46000000 47000000 34.524200
SL2.40ch01 47000000 48000000 34.864300
SL2.40ch01 48000000 49000000 35.118500
SL2.40ch01 49000000 50000000 35.588400
SL2.40ch01 50000000 51000000 34.577000
SL2.40ch01 51000000 52000000 34.434600
SL2.40ch01 52000000 53000000 33.279800
SL2.40ch01 53000000 54000000 34.302100
SL2.40ch01 54000000 55000000 33.323300
SL2.40ch01 55000000 56000000 33.027000
SL2.40ch01 56000000 57000000 34.554400
SL2.40ch01 57000000 58000000 33.654900
SL2.40ch01 58000000 59000000 33.616900
SL2.40ch01 59000000 60000000 33.312500
SL2.40ch01 60000000 61000000 33.181800
SL2.40ch01 61000000 62000000 30.613200
SL2.40ch01 62000000 63000000 33.366000
SL2.40ch01 63000000 64000000 32.427100
SL2.40ch01 64000000 65000000 31.996000
SL2.40ch01 65000000 66000000 31.762300
SL2.40ch01 66000000 67000000 30.742400
SL2.40ch01 67000000 68000000 28.988100
SL2.40ch01 68000000 69000000 29.038800
SL2.40ch01 69000000 70000000 29.274900
SL2.40ch01 70000000 71000000 30.248100
SL2.40ch01 71000000 72000000 29.570600
SL2.40ch01 72000000 73000000 30.496600
SL2.40ch01 73000000 74000000 30.282300
SL2.40ch01 74000000 75000000 31.571800
SL2.40ch01 75000000 76000000 30.422200
SL2.40ch01 76000000 77000000 31.198400
SL2.40ch01 77000000 78000000 32.530300
SL2.40ch01 78000000 79000000 32.051400
SL2.40ch01 79000000 80000000 32.402000
SL2.40ch01 80000000 81000000 32.430700
SL2.40ch01 81000000 82000000 32.209000
SL2.40ch01 82000000 83000000 32.086600
SL2.40ch01 83000000 84000000 32.489200
SL2.40ch01 84000000 85000000 31.845000
SL2.40ch01 85000000 86000000 32.323200
SL2.40ch01 86000000 87000000 31.802900
SL2.40ch01 87000000 88000000 31.150800
SL2.40ch01 88000000 89000000 31.476900
SL2.40ch01 89000000 90000000 31.587200
SL2.40ch01 90000000 90304244 32.277711
SL2.40ch02 0 1000000 34.678500
SL2.40ch02 1000000 2000000 33.918600
SL2.40ch02 2000000 3000000 33.719600
SL2.40ch02 3000000 4000000 38.451100
SL2.40ch02 4000000 5000000 33.489200
SL2.40ch02 5000000 6000000 32.397300
SL2.40ch02 6000000 7000000 32.151900
SL2.40ch02 7000000 8000000 33.390500
SL2.40ch02 8000000 9000000 32.407600
SL2.40ch02 9000000 10000000 31.597000
SL2.40ch02 10000000 11000000 30.747000
SL2.40ch02 11000000 12000000 32.779300
SL2.40ch02 12000000 13000000 33.396300
SL2.40ch02 13000000 14000000 32.570500
SL2.40ch02 14000000 15000000 32.484000
SL2.40ch02 15000000 16000000 31.578100
SL2.40ch02 16000000 17000000 33.209200
SL2.40ch02 17000000 18000000 30.437600
SL2.40ch02 18000000 19000000 29.282000
SL2.40ch02 19000000 20000000 28.907400
SL2.40ch02 20000000 21000000 30.355600
SL2.40ch02 21000000 22000000 28.023200
SL2.40ch02 22000000 23000000 34.187700
SL2.40ch02 23000000 24000000 34.463500
SL2.40ch02 24000000 25000000 33.023000
SL2.40ch02 25000000 26000000 32.651600
SL2.40ch02 26000000 27000000 31.697000
SL2.40ch02 27000000 28000000 29.863900
SL2.40ch02 28000000 29000000 28.067800
SL2.40ch02 29000000 30000000 29.696200
SL2.40ch02 30000000 31000000 29.064300
SL2.40ch02 31000000 32000000 29.896900
SL2.40ch02 32000000 33000000 29.707200
SL2.40ch02 33000000 34000000 30.901700
SL2.40ch02 34000000 35000000 32.716900
SL2.40ch02 35000000 36000000 31.534000
SL2.40ch02 36000000 37000000 30.621400
SL2.40ch02 37000000 38000000 30.772100
SL2.40ch02 38000000 39000000 31.252500
SL2.40ch02 39000000 40000000 31.822500
SL2.40ch02 40000000 41000000 32.654100
SL2.40ch02 41000000 42000000 32.746100
SL2.40ch02 42000000 43000000 31.570800
SL2.40ch02 43000000 44000000 31.329900
SL2.40ch02 44000000 45000000 30.741300
SL2.40ch02 45000000 46000000 32.031300
SL2.40ch02 46000000 47000000 32.468700
SL2.40ch02 47000000 48000000 31.334900
SL2.40ch02 48000000 49000000 31.223000
SL2.40ch02 49000000 49918294 33.477078
SL2.40ch03 0 1000000 31.971100
SL2.40ch03 1000000 2000000 30.770200
SL2.40ch03 2000000 3000000 29.445200
SL2.40ch03 3000000 4000000 32.502700
SL2.40ch03 4000000 5000000 33.408700
SL2.40ch03 5000000 6000000 33.561100
SL2.40ch03 6000000 7000000 32.350300
SL2.40ch03 7000000 8000000 30.011700
SL2.40ch03 8000000 9000000 28.580300
SL2.40ch03 9000000 10000000 28.858600
SL2.40ch03 10000000 11000000 29.561900
SL2.40ch03 11000000 12000000 27.801500
SL2.40ch03 12000000 13000000 29.875500
SL2.40ch03 13000000 14000000 32.780200
SL2.40ch03 14000000 15000000 32.449300
SL2.40ch03 15000000 16000000 31.059600
SL2.40ch03 16000000 17000000 31.439400
SL2.40ch03 17000000 18000000 35.707100
SL2.40ch03 18000000 19000000 35.109200
SL2.40ch03 19000000 20000000 33.933200
SL2.40ch03 20000000 21000000 32.868000
SL2.40ch03 21000000 22000000 33.322800
SL2.40ch03 22000000 23000000 33.626100
SL2.40ch03 23000000 24000000 33.959100
SL2.40ch03 24000000 25000000 34.109100
SL2.40ch03 25000000 26000000 31.986900
SL2.40ch03 26000000 27000000 33.897100
SL2.40ch03 27000000 28000000 34.085800
SL2.40ch03 28000000 29000000 33.785700
SL2.40ch03 29000000 30000000 32.266500
SL2.40ch03 30000000 31000000 31.882200
SL2.40ch03 31000000 32000000 34.098400
SL2.40ch03 32000000 33000000 33.568800
SL2.40ch03 33000000 34000000 33.831600
SL2.40ch03 34000000 35000000 31.886600
SL2.40ch03 35000000 36000000 32.120800
SL2.40ch03 36000000 37000000 33.378900
SL2.40ch03 37000000 38000000 31.604900
SL2.40ch03 38000000 39000000 32.810500
SL2.40ch03 39000000 40000000 30.301100
SL2.40ch03 40000000 41000000 31.459600
SL2.40ch03 41000000 42000000 29.732600
SL2.40ch03 42000000 43000000 34.210600
SL2.40ch03 43000000 44000000 31.835600
SL2.40ch03 44000000 45000000 31.340900
SL2.40ch03 45000000 46000000 30.593700
SL2.40ch03 46000000 47000000 30.591200
SL2.40ch03 47000000 48000000 30.360700
SL2.40ch03 48000000 49000000 30.313600
SL2.40ch03 49000000 50000000 29.705700
SL2.40ch03 50000000 51000000 31.912800
SL2.40ch03 51000000 52000000 30.286400
SL2.40ch03 52000000 53000000 31.269000
SL2.40ch03 53000000 54000000 30.438500
SL2.40ch03 54000000 55000000 29.870500
SL2.40ch03 55000000 56000000 30.711600
SL2.40ch03 56000000 57000000 31.594300
SL2.40ch03 57000000 58000000 31.556900
SL2.40ch03 58000000 59000000 30.894000
SL2.40ch03 59000000 60000000 31.535600
SL2.40ch03 60000000 61000000 32.281900
SL2.40ch03 61000000 62000000 32.601500
SL2.40ch03 62000000 63000000 31.192600
SL2.40ch03 63000000 64000000 31.799200
SL2.40ch03 64000000 64840714 33.183699
SL2.40ch04 0 1000000 30.672800
SL2.40ch04 1000000 2000000 27.981000
SL2.40ch04 2000000 3000000 32.708300
SL2.40ch04 3000000 4000000 29.427400
SL2.40ch04 4000000 5000000 28.653300
SL2.40ch04 5000000 6000000 29.423800
SL2.40ch04 6000000 7000000 30.452900
SL2.40ch04 7000000 8000000 29.220600
SL2.40ch04 8000000 9000000 32.177400
SL2.40ch04 9000000 10000000 31.972000
SL2.40ch04 10000000 11000000 32.399100
SL2.40ch04 11000000 12000000 31.404000
SL2.40ch04 12000000 13000000 33.009300
SL2.40ch04 13000000 14000000 33.696000
SL2.40ch04 14000000 15000000 33.411500
SL2.40ch04 15000000 16000000 33.436200
SL2.40ch04 16000000 17000000 33.906500
SL2.40ch04 17000000 18000000 33.704600
SL2.40ch04 18000000 19000000 34.564000
SL2.40ch04 19000000 20000000 32.651200
SL2.40ch04 20000000 21000000 32.010200
SL2.40ch04 21000000 22000000 33.007800
SL2.40ch04 22000000 23000000 32.835400
SL2.40ch04 23000000 24000000 32.136700
SL2.40ch04 24000000 25000000 31.831900
SL2.40ch04 25000000 26000000 33.567100
SL2.40ch04 26000000 27000000 33.735400
SL2.40ch04 27000000 28000000 32.142600
SL2.40ch04 28000000 29000000 31.396700
SL2.40ch04 29000000 30000000 29.044000
SL2.40ch04 30000000 31000000 35.301800
SL2.40ch04 31000000 32000000 31.059800
SL2.40ch04 32000000 33000000 33.390700
SL2.40ch04 33000000 34000000 34.476500
SL2.40ch04 34000000 35000000 32.693700
SL2.40ch04 35000000 36000000 32.570000
SL2.40ch04 36000000 37000000 33.693500
SL2.40ch04 37000000 38000000 33.697100
SL2.40ch04 38000000 39000000 31.655700
SL2.40ch04 39000000 40000000 31.780500
SL2.40ch04 40000000 41000000 33.859700
SL2.40ch04 41000000 42000000 32.041600
SL2.40ch04 42000000 43000000 32.775600
SL2.40ch04 43000000 44000000 33.050500
SL2.40ch04 44000000 45000000 31.345600
SL2.40ch04 45000000 46000000 33.433000
SL2.40ch04 46000000 47000000 32.364000
SL2.40ch04 47000000 48000000 33.290400
SL2.40ch04 48000000 49000000 33.411400
SL2.40ch04 49000000 50000000 29.992000
SL2.40ch04 50000000 51000000 29.824800
SL2.40ch04 51000000 52000000 28.273900
SL2.40ch04 52000000 53000000 28.384400
SL2.40ch04 53000000 54000000 31.061700
SL2.40ch04 54000000 55000000 29.592900
SL2.40ch04 55000000 56000000 29.258000
SL2.40ch04 56000000 57000000 29.950600
SL2.40ch04 57000000 58000000 29.856000
SL2.40ch04 58000000 59000000 31.083400
SL2.40ch04 59000000 60000000 29.872800
SL2.40ch04 60000000 61000000 30.392500
SL2.40ch04 61000000 62000000 30.963600
SL2.40ch04 62000000 63000000 30.915000
SL2.40ch04 63000000 64000000 32.326100
SL2.40ch04 64000000 64064312 35.155181
SL2.40ch05 0 1000000 31.711300
SL2.40ch05 1000000 2000000 31.116900
SL2.40ch05 2000000 3000000 31.010900
SL2.40ch05 3000000 4000000 28.369200
SL2.40ch05 4000000 5000000 29.288200
SL2.40ch05 5000000 6000000 30.056300
SL2.40ch05 6000000 7000000 29.658300
SL2.40ch05 7000000 8000000 30.017800
SL2.40ch05 8000000 9000000 29.257800
SL2.40ch05 9000000 10000000 31.360400
SL2.40ch05 10000000 11000000 32.104200
SL2.40ch05 11000000 12000000 31.093300
SL2.40ch05 12000000 13000000 31.644400
SL2.40ch05 13000000 14000000 33.647600
SL2.40ch05 14000000 15000000 33.143000
SL2.40ch05 15000000 16000000 34.992700
SL2.40ch05 16000000 17000000 32.620900
SL2.40ch05 17000000 18000000 34.215200
SL2.40ch05 18000000 19000000 31.881600
SL2.40ch05 19000000 20000000 33.814900
SL2.40ch05 20000000 21000000 33.996200
SL2.40ch05 21000000 22000000 31.531100
SL2.40ch05 22000000 23000000 31.584200
SL2.40ch05 23000000 24000000 33.211200
SL2.40ch05 24000000 25000000 33.650000
SL2.40ch05 25000000 26000000 32.021800
SL2.40ch05 26000000 27000000 30.718200
SL2.40ch05 27000000 28000000 32.025700
SL2.40ch05 28000000 29000000 31.488500
SL2.40ch05 29000000 30000000 33.250600
SL2.40ch05 30000000 31000000 32.753200
SL2.40ch05 31000000 32000000 31.131200
SL2.40ch05 32000000 33000000 33.754200
SL2.40ch05 33000000 34000000 33.201300
SL2.40ch05 34000000 35000000 33.833600
SL2.40ch05 35000000 36000000 32.556200
SL2.40ch05 36000000 37000000 33.842300
SL2.40ch05 37000000 38000000 32.841900
SL2.40ch05 38000000 39000000 33.833400
SL2.40ch05 39000000 40000000 33.237700
SL2.40ch05 40000000 41000000 32.010300
SL2.40ch05 41000000 42000000 32.628000
SL2.40ch05 42000000 43000000 29.886800
SL2.40ch05 43000000 44000000 33.663200
SL2.40ch05 44000000 45000000 32.621000
SL2.40ch05 45000000 46000000 32.475100
SL2.40ch05 46000000 47000000 32.917700
SL2.40ch05 47000000 48000000 33.296300
SL2.40ch05 48000000 49000000 31.699800
SL2.40ch05 49000000 50000000 33.028800
SL2.40ch05 50000000 51000000 32.781600
SL2.40ch05 51000000 52000000 33.064000
SL2.40ch05 52000000 53000000 32.729900
SL2.40ch05 53000000 54000000 32.614400
SL2.40ch05 54000000 55000000 31.528400
SL2.40ch05 55000000 56000000 33.382600
SL2.40ch05 56000000 57000000 32.611700
SL2.40ch05 57000000 58000000 32.163500
SL2.40ch05 58000000 59000000 30.313700
SL2.40ch05 59000000 60000000 30.149600
SL2.40ch05 60000000 61000000 26.080800
SL2.40ch05 61000000 62000000 29.452100
SL2.40ch05 62000000 63000000 29.629000
SL2.40ch05 63000000 64000000 31.525900
SL2.40ch05 64000000 65000000 33.043400
SL2.40ch05 65000000 65021438 33.170072
SL2.40ch06 0 1000000 29.263100
SL2.40ch06 1000000 2000000 30.191400
SL2.40ch06 2000000 3000000 31.555500
SL2.40ch06 3000000 4000000 33.688300
SL2.40ch06 4000000 5000000 33.812600
SL2.40ch06 5000000 6000000 34.839300
SL2.40ch06 6000000 7000000 34.125600
SL2.40ch06 7000000 8000000 34.560600
SL2.40ch06 8000000 9000000 39.028700
SL2.40ch06 9000000 10000000 37.731700
SL2.40ch06 10000000 11000000 33.446900
SL2.40ch06 11000000 12000000 32.918400
SL2.40ch06 12000000 13000000 32.516500
SL2.40ch06 13000000 14000000 31.312200
SL2.40ch06 14000000 15000000 31.115900
SL2.40ch06 15000000 16000000 31.911200
SL2.40ch06 16000000 17000000 33.060200
SL2.40ch06 17000000 18000000 31.906100
SL2.40ch06 18000000 19000000 31.902900
SL2.40ch06 19000000 20000000 33.442600
SL2.40ch06 20000000 21000000 30.683500
SL2.40ch06 21000000 22000000 29.330200
SL2.40ch06 22000000 23000000 29.122100
SL2.40ch06 23000000 24000000 34.017100
SL2.40ch06 24000000 25000000 32.262100
SL2.40ch06 25000000 26000000 32.997700
SL2.40ch06 26000000 27000000 32.910700
SL2.40ch06 27000000 28000000 30.999300
SL2.40ch06 28000000 29000000 32.565200
SL2.40ch06 29000000 30000000 32.088600
SL2.40ch06 30000000 31000000 30.283000
SL2.40ch06 31000000 32000000 33.210500
SL2.40ch06 32000000 33000000 29.508900
SL2.40ch06 33000000 34000000 30.588400
SL2.40ch06 34000000 35000000 29.346200
SL2.40ch06 35000000 36000000 29.860200
SL2.40ch06 36000000 37000000 31.137700
SL2.40ch06 37000000 38000000 31.594000
SL2.40ch06 38000000 39000000 31.385300
SL2.40ch06 39000000 40000000 32.011100
SL2.40ch06 40000000 41000000 32.086500
SL2.40ch06 41000000 42000000 31.984800
SL2.40ch06 42000000 43000000 31.044700
SL2.40ch06 43000000 44000000 30.812000
SL2.40ch06 44000000 45000000 31.866200
SL2.40ch06 45000000 46000000 31.916800
SL2.40ch06 46000000 46041636 29.846767
SL2.40ch07 0 1000000 31.839800
SL2.40ch07 1000000 2000000 29.565300
SL2.40ch07 2000000 3000000 30.247500
SL2.40ch07 3000000 4000000 29.162100
SL2.40ch07 4000000 5000000 28.324400
SL2.40ch07 5000000 6000000 29.535500
SL2.40ch07 6000000 7000000 31.292500
SL2.40ch07 7000000 8000000 33.088500
SL2.40ch07 8000000 9000000 31.313900
SL2.40ch07 9000000 10000000 32.914300
SL2.40ch07 10000000 11000000 34.366100
SL2.40ch07 11000000 12000000 32.833900
SL2.40ch07 12000000 13000000 33.786900
SL2.40ch07 13000000 14000000 34.384200
SL2.40ch07 14000000 15000000 33.318400
SL2.40ch07 15000000 16000000 34.028000
SL2.40ch07 16000000 17000000 33.176500
SL2.40ch07 17000000 18000000 33.891600
SL2.40ch07 18000000 19000000 32.054300
SL2.40ch07 19000000 20000000 32.392800
SL2.40ch07 20000000 21000000 32.736100
SL2.40ch07 21000000 22000000 32.946900
SL2.40ch07 22000000 23000000 29.395200
SL2.40ch07 23000000 24000000 31.964700
SL2.40ch07 24000000 25000000 33.341000
SL2.40ch07 25000000 26000000 33.147200
SL2.40ch07 26000000 27000000 33.248400
SL2.40ch07 27000000 28000000 30.856200
SL2.40ch07 28000000 29000000 33.493100
SL2.40ch07 29000000 30000000 31.608900
SL2.40ch07 30000000 31000000 34.065200
SL2.40ch07 31000000 32000000 32.762300
SL2.40ch07 32000000 33000000 34.095100
SL2.40ch07 33000000 34000000 33.315900
SL2.40ch07 34000000 35000000 33.628800
SL2.40ch07 35000000 36000000 32.336300
SL2.40ch07 36000000 37000000 33.068600
SL2.40ch07 37000000 38000000 33.185300
SL2.40ch07 38000000 39000000 33.567800
SL2.40ch07 39000000 40000000 34.548100
SL2.40ch07 40000000 41000000 33.000200
SL2.40ch07 41000000 42000000 33.209200
SL2.40ch07 42000000 43000000 34.542800
SL2.40ch07 43000000 44000000 34.317300
SL2.40ch07 44000000 45000000 34.303900
SL2.40ch07 45000000 46000000 34.446900
SL2.40ch07 46000000 47000000 33.923000
SL2.40ch07 47000000 48000000 33.612600
SL2.40ch07 48000000 49000000 33.462100
SL2.40ch07 49000000 50000000 33.540800
SL2.40ch07 50000000 51000000 33.892800
SL2.40ch07 51000000 52000000 32.615700
SL2.40ch07 52000000 53000000 32.236700
SL2.40ch07 53000000 54000000 31.279300
SL2.40ch07 54000000 55000000 30.302400
SL2.40ch07 55000000 56000000 31.464800
SL2.40ch07 56000000 57000000 30.012400
SL2.40ch07 57000000 58000000 29.317100
SL2.40ch07 58000000 59000000 28.267300
SL2.40ch07 59000000 60000000 29.741700
SL2.40ch07 60000000 61000000 31.849500
SL2.40ch07 61000000 62000000 29.882100
SL2.40ch07 62000000 63000000 31.331400
SL2.40ch07 63000000 64000000 31.936100
SL2.40ch07 64000000 65000000 32.832900
SL2.40ch07 65000000 65268621 33.340655
SL2.40ch08 0 1000000 30.810800
SL2.40ch08 1000000 2000000 29.752400
SL2.40ch08 2000000 3000000 30.272400
SL2.40ch08 3000000 4000000 30.753700
SL2.40ch08 4000000 5000000 29.696600
SL2.40ch08 5000000 6000000 32.788400
SL2.40ch08 6000000 7000000 32.965600
SL2.40ch08 7000000 8000000 33.394400
SL2.40ch08 8000000 9000000 32.804500
SL2.40ch08 9000000 10000000 35.100100
SL2.40ch08 10000000 11000000 33.506900
SL2.40ch08 11000000 12000000 31.566400
SL2.40ch08 12000000 13000000 32.812200
SL2.40ch08 13000000 14000000 32.163500
SL2.40ch08 14000000 15000000 33.448900
SL2.40ch08 15000000 16000000 34.499000
SL2.40ch08 16000000 17000000 33.655600
SL2.40ch08 17000000 18000000 30.306600
SL2.40ch08 18000000 19000000 31.842400
SL2.40ch08 19000000 20000000 33.588800
SL2.40ch08 20000000 21000000 32.633700
SL2.40ch08 21000000 22000000 31.151300
SL2.40ch08 22000000 23000000 34.106800
SL2.40ch08 23000000 24000000 32.519400
SL2.40ch08 24000000 25000000 32.784800
SL2.40ch08 25000000 26000000 33.856600
SL2.40ch08 26000000 27000000 31.939100
SL2.40ch08 27000000 28000000 31.977500
SL2.40ch08 28000000 29000000 34.725200
SL2.40ch08 29000000 30000000 32.202500
SL2.40ch08 30000000 31000000 32.312000
SL2.40ch08 31000000 32000000 31.917000
SL2.40ch08 32000000 33000000 32.383000
SL2.40ch08 33000000 34000000 33.166000
SL2.40ch08 34000000 35000000 32.230700
SL2.40ch08 35000000 36000000 32.933000
SL2.40ch08 36000000 37000000 29.909500
SL2.40ch08 37000000 38000000 31.680100
SL2.40ch08 38000000 39000000 33.557900
SL2.40ch08 39000000 40000000 32.453300
SL2.40ch08 40000000 41000000 33.084900
SL2.40ch08 41000000 42000000 32.073900
SL2.40ch08 42000000 43000000 32.454500
SL2.40ch08 43000000 44000000 33.630000
SL2.40ch08 44000000 45000000 34.542800
SL2.40ch08 45000000 46000000 34.312400
SL2.40ch08 46000000 47000000 31.427800
SL2.40ch08 47000000 48000000 32.294300
SL2.40ch08 48000000 49000000 33.393400
SL2.40ch08 49000000 50000000 32.930800
SL2.40ch08 50000000 51000000 32.918900
SL2.40ch08 51000000 52000000 33.368800
SL2.40ch08 52000000 53000000 30.337300
SL2.40ch08 53000000 54000000 30.630200
SL2.40ch08 54000000 55000000 31.979200
SL2.40ch08 55000000 56000000 30.882400
SL2.40ch08 56000000 57000000 31.007800
SL2.40ch08 57000000 58000000 31.363200
SL2.40ch08 58000000 59000000 31.135700
SL2.40ch08 59000000 60000000 30.940400
SL2.40ch08 60000000 61000000 31.781000
SL2.40ch08 61000000 62000000 31.542700
SL2.40ch08 62000000 63000000 32.171600
SL2.40ch08 63000000 63032657 32.066632
SL2.40ch09 0 1000000 32.062000
SL2.40ch09 1000000 2000000 31.498200
SL2.40ch09 2000000 3000000 30.287600
SL2.40ch09 3000000 4000000 30.703400
SL2.40ch09 4000000 5000000 28.941400
SL2.40ch09 5000000 6000000 30.544200
SL2.40ch09 6000000 7000000 32.650500
SL2.40ch09 7000000 8000000 32.332700
SL2.40ch09 8000000 9000000 34.728600
SL2.40ch09 9000000 10000000 34.637000
SL2.40ch09 10000000 11000000 34.660900
SL2.40ch09 11000000 12000000 34.674200
SL2.40ch09 12000000 13000000 33.488800
SL2.40ch09 13000000 14000000 31.984300
SL2.40ch09 14000000 15000000 33.664000
SL2.40ch09 15000000 16000000 33.011200
SL2.40ch09 16000000 17000000 32.340200
SL2.40ch09 17000000 18000000 32.874400
SL2.40ch09 18000000 19000000 32.591100
SL2.40ch09 19000000 20000000 31.867700
SL2.40ch09 20000000 21000000 34.005000
SL2.40ch09 21000000 22000000 34.092600
SL2.40ch09 22000000 23000000 35.131400
SL2.40ch09 23000000 24000000 34.711700
SL2.40ch09 24000000 25000000 34.137100
SL2.40ch09 25000000 26000000 31.348600
SL2.40ch09 26000000 27000000 31.034000
SL2.40ch09 27000000 28000000 33.821400
SL2.40ch09 28000000 29000000 32.891900
SL2.40ch09 29000000 30000000 31.956900
SL2.40ch09 30000000 31000000 32.963800
SL2.40ch09 31000000 32000000 33.727800
SL2.40ch09 32000000 33000000 35.638800
SL2.40ch09 33000000 34000000 35.432700
SL2.40ch09 34000000 35000000 34.412400
SL2.40ch09 35000000 36000000 35.548500
SL2.40ch09 36000000 37000000 35.774600
SL2.40ch09 37000000 38000000 35.035400
SL2.40ch09 38000000 39000000 33.613800
SL2.40ch09 39000000 40000000 35.212600
SL2.40ch09 40000000 41000000 34.149200
SL2.40ch09 41000000 42000000 35.021400
SL2.40ch09 42000000 43000000 34.357900
SL2.40ch09 43000000 44000000 33.755200
SL2.40ch09 44000000 45000000 34.316700
SL2.40ch09 45000000 46000000 32.726900
SL2.40ch09 46000000 47000000 32.582800
SL2.40ch09 47000000 48000000 33.372000
SL2.40ch09 48000000 49000000 31.273600
SL2.40ch09 49000000 50000000 32.146400
SL2.40ch09 50000000 51000000 31.731200
SL2.40ch09 51000000 52000000 32.473900
SL2.40ch09 52000000 53000000 32.519100
SL2.40ch09 53000000 54000000 32.784200
SL2.40ch09 54000000 55000000 32.193100
SL2.40ch09 55000000 56000000 30.329400
SL2.40ch09 56000000 57000000 30.979600
SL2.40ch09 57000000 58000000 32.282700
SL2.40ch09 58000000 59000000 30.089900
SL2.40ch09 59000000 60000000 30.448000
SL2.40ch09 60000000 61000000 29.272600
SL2.40ch09 61000000 62000000 30.875300
SL2.40ch09 62000000 63000000 30.855600
SL2.40ch09 63000000 64000000 28.784000
SL2.40ch09 64000000 65000000 28.919900
SL2.40ch09 65000000 66000000 30.982600
SL2.40ch09 66000000 67000000 31.337100
SL2.40ch09 67000000 67662091 32.353408
SL2.40ch10 0 1000000 32.522500
SL2.40ch10 1000000 2000000 31.454800
SL2.40ch10 2000000 3000000 28.279200
SL2.40ch10 3000000 4000000 27.555800
SL2.40ch10 4000000 5000000 29.001400
SL2.40ch10 5000000 6000000 30.279400
SL2.40ch10 6000000 7000000 31.763600
SL2.40ch10 7000000 8000000 33.000600
SL2.40ch10 8000000 9000000 31.846500
SL2.40ch10 9000000 10000000 33.047800
SL2.40ch10 10000000 11000000 32.926900
SL2.40ch10 11000000 12000000 32.943400
SL2.40ch10 12000000 13000000 32.431800
SL2.40ch10 13000000 14000000 30.186200
SL2.40ch10 14000000 15000000 33.069300
SL2.40ch10 15000000 16000000 29.511500
SL2.40ch10 16000000 17000000 32.490700
SL2.40ch10 17000000 18000000 33.356900
SL2.40ch10 18000000 19000000 35.481400
SL2.40ch10 19000000 20000000 34.209500
SL2.40ch10 20000000 21000000 34.427600
SL2.40ch10 21000000 22000000 32.892800
SL2.40ch10 22000000 23000000 30.380200
SL2.40ch10 23000000 24000000 34.096900
SL2.40ch10 24000000 25000000 34.078100
SL2.40ch10 25000000 26000000 33.177200
SL2.40ch10 26000000 27000000 34.050700
SL2.40ch10 27000000 28000000 32.774900
SL2.40ch10 28000000 29000000 33.593200
SL2.40ch10 29000000 30000000 33.693200
SL2.40ch10 30000000 31000000 32.633200
SL2.40ch10 31000000 32000000 32.406200
SL2.40ch10 32000000 33000000 32.557700
SL2.40ch10 33000000 34000000 32.872200
SL2.40ch10 34000000 35000000 32.741900
SL2.40ch10 35000000 36000000 33.211400
SL2.40ch10 36000000 37000000 32.972700
SL2.40ch10 37000000 38000000 32.468600
SL2.40ch10 38000000 39000000 33.648100
SL2.40ch10 39000000 40000000 31.683800
SL2.40ch10 40000000 41000000 32.040500
SL2.40ch10 41000000 42000000 31.419900
SL2.40ch10 42000000 43000000 31.813000
SL2.40ch10 43000000 44000000 31.020800
SL2.40ch10 44000000 45000000 32.533100
SL2.40ch10 45000000 46000000 30.965100
SL2.40ch10 46000000 47000000 29.515300
SL2.40ch10 47000000 48000000 29.283700
SL2.40ch10 48000000 49000000 30.813800
SL2.40ch10 49000000 50000000 31.214600
SL2.40ch10 50000000 51000000 31.612000
SL2.40ch10 51000000 52000000 29.706900
SL2.40ch10 52000000 53000000 29.181700
SL2.40ch10 53000000 54000000 32.619600
SL2.40ch10 54000000 55000000 30.842700
SL2.40ch10 55000000 56000000 33.457300
SL2.40ch10 56000000 57000000 30.615400
SL2.40ch10 57000000 58000000 30.395400
SL2.40ch10 58000000 59000000 27.298500
SL2.40ch10 59000000 60000000 31.002400
SL2.40ch10 60000000 61000000 31.197600
SL2.40ch10 61000000 62000000 31.423200
SL2.40ch10 62000000 63000000 30.932700
SL2.40ch10 63000000 64000000 31.339800
SL2.40ch10 64000000 64834305 31.035533
SL2.40ch11 0 1000000 32.387700
SL2.40ch11 1000000 2000000 31.881900
SL2.40ch11 2000000 3000000 30.841200
SL2.40ch11 3000000 4000000 29.399200
SL2.40ch11 4000000 5000000 28.698600
SL2.40ch11 5000000 6000000 30.701300
SL2.40ch11 6000000 7000000 30.317900
SL2.40ch11 7000000 8000000 29.984700
SL2.40ch11 8000000 9000000 30.828000
SL2.40ch11 9000000 10000000 30.990400
SL2.40ch11 10000000 11000000 31.738500
SL2.40ch11 11000000 12000000 31.722800
SL2.40ch11 12000000 13000000 32.024200
SL2.40ch11 13000000 14000000 30.616200
SL2.40ch11 14000000 15000000 32.575700
SL2.40ch11 15000000 16000000 34.626300
SL2.40ch11 16000000 17000000 31.973800
SL2.40ch11 17000000 18000000 32.114100
SL2.40ch11 18000000 19000000 32.294900
SL2.40ch11 19000000 20000000 34.380000
SL2.40ch11 20000000 21000000 32.555900
SL2.40ch11 21000000 22000000 33.613300
SL2.40ch11 22000000 23000000 33.064200
SL2.40ch11 23000000 24000000 34.246400
SL2.40ch11 24000000 25000000 33.098500
SL2.40ch11 25000000 26000000 33.690100
SL2.40ch11 26000000 27000000 34.293000
SL2.40ch11 27000000 28000000 34.714900
SL2.40ch11 28000000 29000000 33.833300
SL2.40ch11 29000000 30000000 35.152400
SL2.40ch11 30000000 31000000 33.543600
SL2.40ch11 31000000 32000000 33.850200
SL2.40ch11 32000000 33000000 33.850600
SL2.40ch11 33000000 34000000 32.138900
SL2.40ch11 34000000 35000000 33.597300
SL2.40ch11 35000000 36000000 31.748900
SL2.40ch11 36000000 37000000 31.364000
SL2.40ch11 37000000 38000000 31.792800
SL2.40ch11 38000000 39000000 33.448800
SL2.40ch11 39000000 40000000 32.618100
SL2.40ch11 40000000 41000000 31.519500
SL2.40ch11 41000000 42000000 33.664200
SL2.40ch11 42000000 43000000 32.089100
SL2.40ch11 43000000 44000000 30.446400
SL2.40ch11 44000000 45000000 31.667400
SL2.40ch11 45000000 46000000 29.910000
SL2.40ch11 46000000 47000000 30.607100
SL2.40ch11 47000000 48000000 31.351600
SL2.40ch11 48000000 49000000 30.279800
SL2.40ch11 49000000 50000000 31.491400
SL2.40ch11 50000000 51000000 29.388600
SL2.40ch11 51000000 52000000 30.022100
SL2.40ch11 52000000 53000000 31.803400
SL2.40ch11 53000000 53386025 31.252121
SL2.40ch12 0 1000000 30.900400
SL2.40ch12 1000000 2000000 29.710200
SL2.40ch12 2000000 3000000 31.042700
SL2.40ch12 3000000 4000000 31.079100
SL2.40ch12 4000000 5000000 31.194500
SL2.40ch12 5000000 6000000 32.620600
SL2.40ch12 6000000 7000000 31.682800
SL2.40ch12 7000000 8000000 32.777200
SL2.40ch12 8000000 9000000 33.688100
SL2.40ch12 9000000 10000000 33.215400
SL2.40ch12 10000000 11000000 34.984600
SL2.40ch12 11000000 12000000 34.017600
SL2.40ch12 12000000 13000000 34.538700
SL2.40ch12 13000000 14000000 33.395200
SL2.40ch12 14000000 15000000 30.852400
SL2.40ch12 15000000 16000000 35.268200
SL2.40ch12 16000000 17000000 32.882800
SL2.40ch12 17000000 18000000 32.937100
SL2.40ch12 18000000 19000000 34.595900
SL2.40ch12 19000000 20000000 33.550400
SL2.40ch12 20000000 21000000 34.487700
SL2.40ch12 21000000 22000000 34.663700
SL2.40ch12 22000000 23000000 34.968500
SL2.40ch12 23000000 24000000 32.016500
SL2.40ch12 24000000 25000000 32.350100
SL2.40ch12 25000000 26000000 33.270600
SL2.40ch12 26000000 27000000 33.090700
SL2.40ch12 27000000 28000000 33.824600
SL2.40ch12 28000000 29000000 32.566900
SL2.40ch12 29000000 30000000 34.349500
SL2.40ch12 30000000 31000000 32.527700
SL2.40ch12 31000000 32000000 32.098000
SL2.40ch12 32000000 33000000 31.222800
SL2.40ch12 33000000 34000000 32.736700
SL2.40ch12 34000000 35000000 31.939300
SL2.40ch12 35000000 36000000 32.447500
SL2.40ch12 36000000 37000000 32.087600
SL2.40ch12 37000000 38000000 33.309700
SL2.40ch12 38000000 39000000 30.960700
SL2.40ch12 39000000 40000000 31.897600
SL2.40ch12 40000000 41000000 31.266100
SL2.40ch12 41000000 42000000 32.725900
SL2.40ch12 42000000 43000000 32.725100
SL2.40ch12 43000000 44000000 29.620200
SL2.40ch12 44000000 45000000 28.666600
SL2.40ch12 45000000 46000000 29.717600
SL2.40ch12 46000000 47000000 28.291000
SL2.40ch12 47000000 48000000 30.825500
SL2.40ch12 48000000 49000000 28.196300
SL2.40ch12 49000000 50000000 29.897500
SL2.40ch12 50000000 51000000 32.378000
SL2.40ch12 51000000 52000000 32.273600
SL2.40ch12 52000000 53000000 31.613900
SL2.40ch12 53000000 54000000 33.045100
SL2.40ch12 54000000 55000000 32.578800
SL2.40ch12 55000000 56000000 31.798700
SL2.40ch12 56000000 57000000 32.895600
SL2.40ch12 57000000 58000000 33.524000
SL2.40ch12 58000000 59000000 32.584600
SL2.40ch12 59000000 60000000 31.956400
SL2.40ch12 60000000 61000000 33.045900
SL2.40ch12 61000000 62000000 33.468000
SL2.40ch12 62000000 63000000 30.611600
SL2.40ch12 63000000 64000000 32.358200
SL2.40ch12 64000000 65000000 32.050800
SL2.40ch12 65000000 65486253 33.887092
