SL2.40ch00 0 1000000 54.640178
SL2.40ch00 1000000 2000000 54.805335
SL2.40ch00 2000000 3000000 54.850543
SL2.40ch00 3000000 4000000 53.992899
SL2.40ch00 4000000 5000000 50.248407
SL2.40ch00 5000000 6000000 54.390637
SL2.40ch00 6000000 7000000 54.938582
SL2.40ch00 7000000 8000000 52.053626
SL2.40ch00 8000000 9000000 52.084372
SL2.40ch00 9000000 10000000 48.772480
SL2.40ch00 10000000 11000000 50.197930
SL2.40ch00 11000000 12000000 53.203796
SL2.40ch00 12000000 13000000 52.728407
SL2.40ch00 13000000 14000000 51.915922
SL2.40ch00 14000000 15000000 51.487568
SL2.40ch00 15000000 16000000 52.710300
SL2.40ch00 16000000 17000000 52.176959
SL2.40ch00 17000000 18000000 51.952946
SL2.40ch00 18000000 19000000 51.794126
SL2.40ch00 19000000 20000000 50.459141
SL2.40ch00 20000000 21000000 48.959544
SL2.40ch00 21000000 21805821 50.449090
SL2.40ch01 0 1000000 55.381995
SL2.40ch01 1000000 2000000 53.049752
SL2.40ch01 2000000 3000000 55.123109
SL2.40ch01 3000000 4000000 54.565738
SL2.40ch01 4000000 5000000 54.771087
SL2.40ch01 5000000 6000000 54.561611
SL2.40ch01 6000000 7000000 54.699389
SL2.40ch01 7000000 8000000 54.894839
SL2.40ch01 8000000 9000000 55.059009
SL2.40ch01 9000000 10000000 52.113034
SL2.40ch01 10000000 11000000 52.596145
SL2.40ch01 11000000 12000000 54.916160
SL2.40ch01 12000000 13000000 55.016100
SL2.40ch01 13000000 14000000 55.206717
SL2.40ch01 14000000 15000000 54.888884
SL2.40ch01 15000000 16000000 54.738601
SL2.40ch01 16000000 17000000 54.551234
SL2.40ch01 17000000 18000000 53.984053
SL2.40ch01 18000000 19000000 54.322671
SL2.40ch01 19000000 20000000 54.630689
SL2.40ch01 20000000 21000000 54.857338
SL2.40ch01 21000000 22000000 54.883143
SL2.40ch01 22000000 23000000 54.759469
SL2.40ch01 23000000 24000000 43.633488
SL2.40ch01 24000000 25000000 55.104572
SL2.40ch01 25000000 26000000 54.020570
SL2.40ch01 26000000 27000000 55.126103
SL2.40ch01 27000000 28000000 52.291166
SL2.40ch01 28000000 29000000 55.208829
SL2.40ch01 29000000 30000000 52.899510
SL2.40ch01 30000000 31000000 54.743601
SL2.40ch01 31000000 32000000 54.991257
SL2.40ch01 32000000 33000000 54.399735
SL2.40ch01 33000000 34000000 54.966356
SL2.40ch01 34000000 35000000 54.879382
SL2.40ch01 35000000 36000000 53.650116
SL2.40ch01 36000000 37000000 54.240018
SL2.40ch01 37000000 38000000 54.235211
SL2.40ch01 38000000 39000000 53.024492
SL2.40ch01 39000000 40000000 53.268653
SL2.40ch01 40000000 41000000 52.200722
SL2.40ch01 41000000 42000000 53.841503
SL2.40ch01 42000000 43000000 55.172076
SL2.40ch01 43000000 44000000 54.804223
SL2.40ch01 44000000 45000000 54.152884
SL2.40ch01 45000000 46000000 54.831661
SL2.40ch01 46000000 47000000 53.236679
SL2.40ch01 47000000 48000000 54.418868
SL2.40ch01 48000000 49000000 54.899380
SL2.40ch01 49000000 50000000 54.947795
SL2.40ch01 50000000 51000000 52.366572
SL2.40ch01 51000000 52000000 55.188572
SL2.40ch01 52000000 53000000 54.841410
SL2.40ch01 53000000 54000000 54.827881
SL2.40ch01 54000000 55000000 54.543848
SL2.40ch01 55000000 56000000 54.255197
SL2.40ch01 56000000 57000000 54.936397
SL2.40ch01 57000000 58000000 53.972513
SL2.40ch01 58000000 59000000 52.520639
SL2.40ch01 59000000 60000000 52.706969
SL2.40ch01 60000000 61000000 54.975906
SL2.40ch01 61000000 62000000 54.673619
SL2.40ch01 62000000 63000000 54.803551
SL2.40ch01 63000000 64000000 54.047001
SL2.40ch01 64000000 65000000 53.129738
SL2.40ch01 65000000 66000000 54.888241
SL2.40ch01 66000000 67000000 54.125976
SL2.40ch01 67000000 68000000 54.930129
SL2.40ch01 68000000 69000000 55.075448
SL2.40ch01 69000000 70000000 54.942542
SL2.40ch01 70000000 71000000 55.334153
SL2.40ch01 71000000 72000000 55.328800
SL2.40ch01 72000000 73000000 55.165388
SL2.40ch01 73000000 74000000 54.412121
SL2.40ch01 74000000 75000000 53.170529
SL2.40ch01 75000000 76000000 55.197213
SL2.40ch01 76000000 77000000 54.063998
SL2.40ch01 77000000 78000000 55.167204
SL2.40ch01 78000000 79000000 52.758893
SL2.40ch01 79000000 80000000 54.037012
SL2.40ch01 80000000 81000000 55.266903
SL2.40ch01 81000000 82000000 54.154069
SL2.40ch01 82000000 83000000 55.530708
SL2.40ch01 83000000 84000000 54.228847
SL2.40ch01 84000000 85000000 55.482103
SL2.40ch01 85000000 86000000 54.784703
SL2.40ch01 86000000 87000000 55.311539
SL2.40ch01 87000000 88000000 55.296061
SL2.40ch01 88000000 89000000 55.200897
SL2.40ch01 89000000 90000000 55.338864
SL2.40ch01 90000000 90304244 52.781578
SL2.40ch02 0 1000000 54.419642
SL2.40ch02 1000000 2000000 54.562475
SL2.40ch02 2000000 3000000 54.462074
SL2.40ch02 3000000 4000000 51.755325
SL2.40ch02 4000000 5000000 43.521730
SL2.40ch02 5000000 6000000 44.117626
SL2.40ch02 6000000 7000000 54.782778
SL2.40ch02 7000000 8000000 54.292893
SL2.40ch02 8000000 9000000 55.126344
SL2.40ch02 9000000 10000000 53.149598
SL2.40ch02 10000000 11000000 54.768491
SL2.40ch02 11000000 12000000 54.344961
SL2.40ch02 12000000 13000000 54.736883
SL2.40ch02 13000000 14000000 54.053529
SL2.40ch02 14000000 15000000 55.031996
SL2.40ch02 15000000 16000000 52.948408
SL2.40ch02 16000000 17000000 55.284729
SL2.40ch02 17000000 18000000 54.699743
SL2.40ch02 18000000 19000000 54.560261
SL2.40ch02 19000000 20000000 54.542914
SL2.40ch02 20000000 21000000 54.505589
SL2.40ch02 21000000 22000000 53.838508
SL2.40ch02 22000000 23000000 53.120876
SL2.40ch02 23000000 24000000 54.831881
SL2.40ch02 24000000 25000000 54.540777
SL2.40ch02 25000000 26000000 55.121744
SL2.40ch02 26000000 27000000 51.957346
SL2.40ch02 27000000 28000000 52.121894
SL2.40ch02 28000000 29000000 55.080868
SL2.40ch02 29000000 30000000 55.133232
SL2.40ch02 30000000 31000000 54.974773
SL2.40ch02 31000000 32000000 54.818209
SL2.40ch02 32000000 33000000 53.703360
SL2.40ch02 33000000 34000000 55.113780
SL2.40ch02 34000000 35000000 55.371814
SL2.40ch02 35000000 36000000 55.424601
SL2.40ch02 36000000 37000000 52.404151
SL2.40ch02 37000000 38000000 55.312365
SL2.40ch02 38000000 39000000 55.160713
SL2.40ch02 39000000 40000000 54.056494
SL2.40ch02 40000000 41000000 55.337536
SL2.40ch02 41000000 42000000 55.205244
SL2.40ch02 42000000 43000000 55.213598
SL2.40ch02 43000000 44000000 53.046569
SL2.40ch02 44000000 45000000 55.308116
SL2.40ch02 45000000 46000000 55.505538
SL2.40ch02 46000000 47000000 55.375010
SL2.40ch02 47000000 48000000 54.817724
SL2.40ch02 48000000 49000000 55.418403
SL2.40ch02 49000000 49918294 55.287450
SL2.40ch03 0 1000000 54.702705
SL2.40ch03 1000000 2000000 54.119469
SL2.40ch03 2000000 3000000 54.666055
SL2.40ch03 3000000 4000000 55.374218
SL2.40ch03 4000000 5000000 55.146256
SL2.40ch03 5000000 6000000 53.962829
SL2.40ch03 6000000 7000000 48.098633
SL2.40ch03 7000000 8000000 55.174713
SL2.40ch03 8000000 9000000 55.150180
SL2.40ch03 9000000 10000000 54.456137
SL2.40ch03 10000000 11000000 53.584456
SL2.40ch03 11000000 12000000 54.503175
SL2.40ch03 12000000 13000000 54.749872
SL2.40ch03 13000000 14000000 54.870519
SL2.40ch03 14000000 15000000 54.855989
SL2.40ch03 15000000 16000000 54.482152
SL2.40ch03 16000000 17000000 55.274754
SL2.40ch03 17000000 18000000 53.575211
SL2.40ch03 18000000 19000000 54.163934
SL2.40ch03 19000000 20000000 54.798216
SL2.40ch03 20000000 21000000 54.574296
SL2.40ch03 21000000 22000000 54.743565
SL2.40ch03 22000000 23000000 54.826343
SL2.40ch03 23000000 24000000 51.142738
SL2.40ch03 24000000 25000000 54.909745
SL2.40ch03 25000000 26000000 54.954583
SL2.40ch03 26000000 27000000 55.168588
SL2.40ch03 27000000 28000000 53.945657
SL2.40ch03 28000000 29000000 54.294115
SL2.40ch03 29000000 30000000 50.764430
SL2.40ch03 30000000 31000000 50.782430
SL2.40ch03 31000000 32000000 53.544828
SL2.40ch03 32000000 33000000 54.989525
SL2.40ch03 33000000 34000000 55.284361
SL2.40ch03 34000000 35000000 54.962175
SL2.40ch03 35000000 36000000 54.943315
SL2.40ch03 36000000 37000000 54.913442
SL2.40ch03 37000000 38000000 54.953006
SL2.40ch03 38000000 39000000 52.569084
SL2.40ch03 39000000 40000000 53.980093
SL2.40ch03 40000000 41000000 54.409983
SL2.40ch03 41000000 42000000 54.640963
SL2.40ch03 42000000 43000000 54.828624
SL2.40ch03 43000000 44000000 54.947054
SL2.40ch03 44000000 45000000 54.192639
SL2.40ch03 45000000 46000000 55.024837
SL2.40ch03 46000000 47000000 54.997498
SL2.40ch03 47000000 48000000 53.907910
SL2.40ch03 48000000 49000000 54.888636
SL2.40ch03 49000000 50000000 50.486246
SL2.40ch03 50000000 51000000 52.891208
SL2.40ch03 51000000 52000000 54.294087
SL2.40ch03 52000000 53000000 55.071726
SL2.40ch03 53000000 54000000 54.924966
SL2.40ch03 54000000 55000000 53.699848
SL2.40ch03 55000000 56000000 55.228199
SL2.40ch03 56000000 57000000 55.150047
SL2.40ch03 57000000 58000000 55.141813
SL2.40ch03 58000000 59000000 55.389013
SL2.40ch03 59000000 60000000 55.136414
SL2.40ch03 60000000 61000000 55.150895
SL2.40ch03 61000000 62000000 53.961915
SL2.40ch03 62000000 63000000 54.464489
SL2.40ch03 63000000 64000000 55.529071
SL2.40ch03 64000000 64840714 55.226971
SL2.40ch04 0 1000000 54.566454
SL2.40ch04 1000000 2000000 55.239243
SL2.40ch04 2000000 3000000 55.235268
SL2.40ch04 3000000 4000000 53.970366
SL2.40ch04 4000000 5000000 54.518575
SL2.40ch04 5000000 6000000 55.019541
SL2.40ch04 6000000 7000000 53.550196
SL2.40ch04 7000000 8000000 54.985664
SL2.40ch04 8000000 9000000 54.252538
SL2.40ch04 9000000 10000000 54.964235
SL2.40ch04 10000000 11000000 54.979067
SL2.40ch04 11000000 12000000 54.621286
SL2.40ch04 12000000 13000000 50.413399
SL2.40ch04 13000000 14000000 53.442787
SL2.40ch04 14000000 15000000 54.725404
SL2.40ch04 15000000 16000000 53.793084
SL2.40ch04 16000000 17000000 54.951999
SL2.40ch04 17000000 18000000 55.144429
SL2.40ch04 18000000 19000000 55.245738
SL2.40ch04 19000000 20000000 55.213908
SL2.40ch04 20000000 21000000 54.731467
SL2.40ch04 21000000 22000000 54.867035
SL2.40ch04 22000000 23000000 54.275311
SL2.40ch04 23000000 24000000 54.769517
SL2.40ch04 24000000 25000000 53.064717
SL2.40ch04 25000000 26000000 54.962851
SL2.40ch04 26000000 27000000 54.282786
SL2.40ch04 27000000 28000000 55.051187
SL2.40ch04 28000000 29000000 54.403766
SL2.40ch04 29000000 30000000 53.938064
SL2.40ch04 30000000 31000000 54.461104
SL2.40ch04 31000000 32000000 54.739625
SL2.40ch04 32000000 33000000 55.101781
SL2.40ch04 33000000 34000000 49.294339
SL2.40ch04 34000000 35000000 55.018663
SL2.40ch04 35000000 36000000 54.750123
SL2.40ch04 36000000 37000000 55.069778
SL2.40ch04 37000000 38000000 54.572151
SL2.40ch04 38000000 39000000 55.093031
SL2.40ch04 39000000 40000000 54.804295
SL2.40ch04 40000000 41000000 53.745160
SL2.40ch04 41000000 42000000 54.837253
SL2.40ch04 42000000 43000000 54.594032
SL2.40ch04 43000000 44000000 55.118229
SL2.40ch04 44000000 45000000 54.581325
SL2.40ch04 45000000 46000000 55.161975
SL2.40ch04 46000000 47000000 55.160145
SL2.40ch04 47000000 48000000 54.878398
SL2.40ch04 48000000 49000000 55.079907
SL2.40ch04 49000000 50000000 54.980281
SL2.40ch04 50000000 51000000 54.991503
SL2.40ch04 51000000 52000000 54.784885
SL2.40ch04 52000000 53000000 54.948586
SL2.40ch04 53000000 54000000 54.975168
SL2.40ch04 54000000 55000000 55.163852
SL2.40ch04 55000000 56000000 53.746690
SL2.40ch04 56000000 57000000 55.180229
SL2.40ch04 57000000 58000000 55.162945
SL2.40ch04 58000000 59000000 53.885899
SL2.40ch04 59000000 60000000 54.359243
SL2.40ch04 60000000 61000000 55.412709
SL2.40ch04 61000000 62000000 55.453732
SL2.40ch04 62000000 63000000 53.892454
SL2.40ch04 63000000 64000000 55.325226
SL2.40ch04 64000000 64064312 54.132817
SL2.40ch05 0 1000000 55.411288
SL2.40ch05 1000000 2000000 55.240336
SL2.40ch05 2000000 3000000 55.373374
SL2.40ch05 3000000 4000000 55.337208
SL2.40ch05 4000000 5000000 55.028221
SL2.40ch05 5000000 6000000 55.192353
SL2.40ch05 6000000 7000000 53.055065
SL2.40ch05 7000000 8000000 54.274246
SL2.40ch05 8000000 9000000 54.190386
SL2.40ch05 9000000 10000000 54.902439
SL2.40ch05 10000000 11000000 54.966060
SL2.40ch05 11000000 12000000 54.820676
SL2.40ch05 12000000 13000000 54.877144
SL2.40ch05 13000000 14000000 54.462416
SL2.40ch05 14000000 15000000 52.249165
SL2.40ch05 15000000 16000000 53.994077
SL2.40ch05 16000000 17000000 54.779732
SL2.40ch05 17000000 18000000 54.637809
SL2.40ch05 18000000 19000000 54.580550
SL2.40ch05 19000000 20000000 54.732470
SL2.40ch05 20000000 21000000 54.455994
SL2.40ch05 21000000 22000000 55.015620
SL2.40ch05 22000000 23000000 54.765132
SL2.40ch05 23000000 24000000 52.363251
SL2.40ch05 24000000 25000000 54.709417
SL2.40ch05 25000000 26000000 52.247767
SL2.40ch05 26000000 27000000 53.384133
SL2.40ch05 27000000 28000000 53.091818
SL2.40ch05 28000000 29000000 52.855126
SL2.40ch05 29000000 30000000 54.935740
SL2.40ch05 30000000 31000000 53.007387
SL2.40ch05 31000000 32000000 53.949838
SL2.40ch05 32000000 33000000 55.263320
SL2.40ch05 33000000 34000000 55.303673
SL2.40ch05 34000000 35000000 49.944542
SL2.40ch05 35000000 36000000 54.424857
SL2.40ch05 36000000 37000000 54.770974
SL2.40ch05 37000000 38000000 55.075752
SL2.40ch05 38000000 39000000 55.376138
SL2.40ch05 39000000 40000000 55.126588
SL2.40ch05 40000000 41000000 54.646489
SL2.40ch05 41000000 42000000 55.095763
SL2.40ch05 42000000 43000000 54.484579
SL2.40ch05 43000000 44000000 55.232537
SL2.40ch05 44000000 45000000 52.300329
SL2.40ch05 45000000 46000000 55.215895
SL2.40ch05 46000000 47000000 54.657962
SL2.40ch05 47000000 48000000 54.902356
SL2.40ch05 48000000 49000000 54.698545
SL2.40ch05 49000000 50000000 55.145064
SL2.40ch05 50000000 51000000 50.010920
SL2.40ch05 51000000 52000000 55.099470
SL2.40ch05 52000000 53000000 54.937753
SL2.40ch05 53000000 54000000 53.046220
SL2.40ch05 54000000 55000000 55.017084
SL2.40ch05 55000000 56000000 54.589148
SL2.40ch05 56000000 57000000 53.038679
SL2.40ch05 57000000 58000000 54.266046
SL2.40ch05 58000000 59000000 51.721999
SL2.40ch05 59000000 60000000 54.409312
SL2.40ch05 60000000 61000000 54.202266
SL2.40ch05 61000000 62000000 51.562609
SL2.40ch05 62000000 63000000 55.318697
SL2.40ch05 63000000 64000000 55.248006
SL2.40ch05 64000000 65000000 55.469113
SL2.40ch05 65000000 65021438 55.358491
SL2.40ch06 0 1000000 55.136825
SL2.40ch06 1000000 2000000 54.973771
SL2.40ch06 2000000 3000000 53.363644
SL2.40ch06 3000000 4000000 53.882180
SL2.40ch06 4000000 5000000 52.617967
SL2.40ch06 5000000 6000000 54.225150
SL2.40ch06 6000000 7000000 51.631986
SL2.40ch06 7000000 8000000 53.558140
SL2.40ch06 8000000 9000000 53.910796
SL2.40ch06 9000000 10000000 47.565716
SL2.40ch06 10000000 11000000 55.311922
SL2.40ch06 11000000 12000000 54.885588
SL2.40ch06 12000000 13000000 54.716856
SL2.40ch06 13000000 14000000 55.066346
SL2.40ch06 14000000 15000000 53.367125
SL2.40ch06 15000000 16000000 52.114789
SL2.40ch06 16000000 17000000 52.087705
SL2.40ch06 17000000 18000000 51.869019
SL2.40ch06 18000000 19000000 52.651105
SL2.40ch06 19000000 20000000 54.758823
SL2.40ch06 20000000 21000000 52.710203
SL2.40ch06 21000000 22000000 51.406096
SL2.40ch06 22000000 23000000 54.566786
SL2.40ch06 23000000 24000000 54.362893
SL2.40ch06 24000000 25000000 54.528989
SL2.40ch06 25000000 26000000 54.064578
SL2.40ch06 26000000 27000000 54.788367
SL2.40ch06 27000000 28000000 54.660539
SL2.40ch06 28000000 29000000 54.804520
SL2.40ch06 29000000 30000000 54.922985
SL2.40ch06 30000000 31000000 54.730179
SL2.40ch06 31000000 32000000 54.948706
SL2.40ch06 32000000 33000000 54.827543
SL2.40ch06 33000000 34000000 52.694021
SL2.40ch06 34000000 35000000 55.217112
SL2.40ch06 35000000 36000000 54.303485
SL2.40ch06 36000000 37000000 55.326260
SL2.40ch06 37000000 38000000 55.504496
SL2.40ch06 38000000 39000000 54.792940
SL2.40ch06 39000000 40000000 54.054260
SL2.40ch06 40000000 41000000 54.277585
SL2.40ch06 41000000 42000000 53.705695
SL2.40ch06 42000000 43000000 52.106417
SL2.40ch06 43000000 44000000 54.005886
SL2.40ch06 44000000 45000000 55.498650
SL2.40ch06 45000000 46000000 50.035191
SL2.40ch06 46000000 46041636 54.278539
SL2.40ch07 0 1000000 49.764495
SL2.40ch07 1000000 2000000 54.575376
SL2.40ch07 2000000 3000000 54.827635
SL2.40ch07 3000000 4000000 53.512107
SL2.40ch07 4000000 5000000 53.909026
SL2.40ch07 5000000 6000000 54.727008
SL2.40ch07 6000000 7000000 54.554531
SL2.40ch07 7000000 8000000 54.475417
SL2.40ch07 8000000 9000000 54.737581
SL2.40ch07 9000000 10000000 54.937029
SL2.40ch07 10000000 11000000 53.311370
SL2.40ch07 11000000 12000000 54.210917
SL2.40ch07 12000000 13000000 55.249138
SL2.40ch07 13000000 14000000 54.890850
SL2.40ch07 14000000 15000000 54.576519
SL2.40ch07 15000000 16000000 54.768627
SL2.40ch07 16000000 17000000 51.140171
SL2.40ch07 17000000 18000000 53.540938
SL2.40ch07 18000000 19000000 54.923918
SL2.40ch07 19000000 20000000 54.400343
SL2.40ch07 20000000 21000000 54.946040
SL2.40ch07 21000000 22000000 55.151817
SL2.40ch07 22000000 23000000 55.119535
SL2.40ch07 23000000 24000000 54.389697
SL2.40ch07 24000000 25000000 54.719017
SL2.40ch07 25000000 26000000 55.062111
SL2.40ch07 26000000 27000000 55.013192
SL2.40ch07 27000000 28000000 54.412534
SL2.40ch07 28000000 29000000 51.027093
SL2.40ch07 29000000 30000000 51.957900
SL2.40ch07 30000000 31000000 53.494298
SL2.40ch07 31000000 32000000 54.317623
SL2.40ch07 32000000 33000000 52.501934
SL2.40ch07 33000000 34000000 55.187622
SL2.40ch07 34000000 35000000 54.883911
SL2.40ch07 35000000 36000000 54.933166
SL2.40ch07 36000000 37000000 55.107436
SL2.40ch07 37000000 38000000 54.720644
SL2.40ch07 38000000 39000000 50.808893
SL2.40ch07 39000000 40000000 55.160406
SL2.40ch07 40000000 41000000 55.013091
SL2.40ch07 41000000 42000000 53.846653
SL2.40ch07 42000000 43000000 54.687627
SL2.40ch07 43000000 44000000 55.182933
SL2.40ch07 44000000 45000000 54.987121
SL2.40ch07 45000000 46000000 54.550764
SL2.40ch07 46000000 47000000 55.054426
SL2.40ch07 47000000 48000000 53.531848
SL2.40ch07 48000000 49000000 51.951444
SL2.40ch07 49000000 50000000 54.533265
SL2.40ch07 50000000 51000000 55.122578
SL2.40ch07 51000000 52000000 52.966660
SL2.40ch07 52000000 53000000 54.380544
SL2.40ch07 53000000 54000000 54.444519
SL2.40ch07 54000000 55000000 54.334181
SL2.40ch07 55000000 56000000 54.938882
SL2.40ch07 56000000 57000000 53.575758
SL2.40ch07 57000000 58000000 54.642205
SL2.40ch07 58000000 59000000 54.899922
SL2.40ch07 59000000 60000000 55.177312
SL2.40ch07 60000000 61000000 54.775570
SL2.40ch07 61000000 62000000 55.106276
SL2.40ch07 62000000 63000000 55.437364
SL2.40ch07 63000000 64000000 55.689218
SL2.40ch07 64000000 65000000 55.429154
SL2.40ch07 65000000 65268621 55.384327
SL2.40ch08 0 1000000 55.023831
SL2.40ch08 1000000 2000000 55.224004
SL2.40ch08 2000000 3000000 54.802957
SL2.40ch08 3000000 4000000 54.607574
SL2.40ch08 4000000 5000000 53.227101
SL2.40ch08 5000000 6000000 55.165718
SL2.40ch08 6000000 7000000 53.616122
SL2.40ch08 7000000 8000000 54.726101
SL2.40ch08 8000000 9000000 54.960649
SL2.40ch08 9000000 10000000 54.743936
SL2.40ch08 10000000 11000000 54.688830
SL2.40ch08 11000000 12000000 54.793339
SL2.40ch08 12000000 13000000 50.848222
SL2.40ch08 13000000 14000000 54.305249
SL2.40ch08 14000000 15000000 54.988065
SL2.40ch08 15000000 16000000 54.829408
SL2.40ch08 16000000 17000000 54.252790
SL2.40ch08 17000000 18000000 54.848801
SL2.40ch08 18000000 19000000 54.335625
SL2.40ch08 19000000 20000000 54.229650
SL2.40ch08 20000000 21000000 54.411629
SL2.40ch08 21000000 22000000 44.631888
SL2.40ch08 22000000 23000000 54.431359
SL2.40ch08 23000000 24000000 53.267461
SL2.40ch08 24000000 25000000 54.644707
SL2.40ch08 25000000 26000000 54.275746
SL2.40ch08 26000000 27000000 54.860765
SL2.40ch08 27000000 28000000 49.094165
SL2.40ch08 28000000 29000000 54.672091
SL2.40ch08 29000000 30000000 54.822290
SL2.40ch08 30000000 31000000 55.003970
SL2.40ch08 31000000 32000000 54.820569
SL2.40ch08 32000000 33000000 54.745070
SL2.40ch08 33000000 34000000 54.411255
SL2.40ch08 34000000 35000000 51.215589
SL2.40ch08 35000000 36000000 54.710800
SL2.40ch08 36000000 37000000 53.693792
SL2.40ch08 37000000 38000000 53.530110
SL2.40ch08 38000000 39000000 54.877702
SL2.40ch08 39000000 40000000 54.781939
SL2.40ch08 40000000 41000000 54.876376
SL2.40ch08 41000000 42000000 53.468223
SL2.40ch08 42000000 43000000 55.157769
SL2.40ch08 43000000 44000000 54.021292
SL2.40ch08 44000000 45000000 51.525470
SL2.40ch08 45000000 46000000 54.266512
SL2.40ch08 46000000 47000000 54.916654
SL2.40ch08 47000000 48000000 54.611880
SL2.40ch08 48000000 49000000 53.039530
SL2.40ch08 49000000 50000000 54.753335
SL2.40ch08 50000000 51000000 54.929211
SL2.40ch08 51000000 52000000 53.377565
SL2.40ch08 52000000 53000000 54.539469
SL2.40ch08 53000000 54000000 54.977419
SL2.40ch08 54000000 55000000 55.104525
SL2.40ch08 55000000 56000000 55.054952
SL2.40ch08 56000000 57000000 55.240282
SL2.40ch08 57000000 58000000 55.353104
SL2.40ch08 58000000 59000000 55.350792
SL2.40ch08 59000000 60000000 55.497825
SL2.40ch08 60000000 61000000 55.381140
SL2.40ch08 61000000 62000000 55.022463
SL2.40ch08 62000000 63000000 55.524578
SL2.40ch08 63000000 63032657 55.055046
SL2.40ch09 0 1000000 54.728806
SL2.40ch09 1000000 2000000 54.683014
SL2.40ch09 2000000 3000000 53.139535
SL2.40ch09 3000000 4000000 54.352507
SL2.40ch09 4000000 5000000 55.015091
SL2.40ch09 5000000 6000000 54.659130
SL2.40ch09 6000000 7000000 54.784077
SL2.40ch09 7000000 8000000 54.989021
SL2.40ch09 8000000 9000000 49.841451
SL2.40ch09 9000000 10000000 55.128924
SL2.40ch09 10000000 11000000 54.918534
SL2.40ch09 11000000 12000000 52.789605
SL2.40ch09 12000000 13000000 54.712356
SL2.40ch09 13000000 14000000 53.070752
SL2.40ch09 14000000 15000000 55.252557
SL2.40ch09 15000000 16000000 54.397688
SL2.40ch09 16000000 17000000 54.910564
SL2.40ch09 17000000 18000000 53.732808
SL2.40ch09 18000000 19000000 53.701419
SL2.40ch09 19000000 20000000 54.517815
SL2.40ch09 20000000 21000000 54.765607
SL2.40ch09 21000000 22000000 53.319471
SL2.40ch09 22000000 23000000 55.070320
SL2.40ch09 23000000 24000000 54.748916
SL2.40ch09 24000000 25000000 55.020726
SL2.40ch09 25000000 26000000 53.585949
SL2.40ch09 26000000 27000000 53.274361
SL2.40ch09 27000000 28000000 54.741220
SL2.40ch09 28000000 29000000 53.850286
SL2.40ch09 29000000 30000000 54.813577
SL2.40ch09 30000000 31000000 52.645004
SL2.40ch09 31000000 32000000 55.143958
SL2.40ch09 32000000 33000000 53.573735
SL2.40ch09 33000000 34000000 55.061082
SL2.40ch09 34000000 35000000 54.882358
SL2.40ch09 35000000 36000000 48.680434
SL2.40ch09 36000000 37000000 54.545653
SL2.40ch09 37000000 38000000 55.232858
SL2.40ch09 38000000 39000000 55.085747
SL2.40ch09 39000000 40000000 55.182820
SL2.40ch09 40000000 41000000 54.082249
SL2.40ch09 41000000 42000000 53.160359
SL2.40ch09 42000000 43000000 55.214804
SL2.40ch09 43000000 44000000 54.835035
SL2.40ch09 44000000 45000000 51.803264
SL2.40ch09 45000000 46000000 54.906478
SL2.40ch09 46000000 47000000 54.313421
SL2.40ch09 47000000 48000000 54.514721
SL2.40ch09 48000000 49000000 54.382710
SL2.40ch09 49000000 50000000 55.041846
SL2.40ch09 50000000 51000000 53.134056
SL2.40ch09 51000000 52000000 55.006480
SL2.40ch09 52000000 53000000 54.801142
SL2.40ch09 53000000 54000000 55.200136
SL2.40ch09 54000000 55000000 49.142622
SL2.40ch09 55000000 56000000 54.323688
SL2.40ch09 56000000 57000000 53.475553
SL2.40ch09 57000000 58000000 49.215110
SL2.40ch09 58000000 59000000 54.798932
SL2.40ch09 59000000 60000000 52.854861
SL2.40ch09 60000000 61000000 54.583824
SL2.40ch09 61000000 62000000 54.073720
SL2.40ch09 62000000 63000000 55.166792
SL2.40ch09 63000000 64000000 55.240587
SL2.40ch09 64000000 65000000 55.218989
SL2.40ch09 65000000 66000000 55.357019
SL2.40ch09 66000000 67000000 55.192448
SL2.40ch09 67000000 67662091 53.341300
SL2.40ch10 0 1000000 54.147590
SL2.40ch10 1000000 2000000 53.676432
SL2.40ch10 2000000 3000000 54.896663
SL2.40ch10 3000000 4000000 54.580066
SL2.40ch10 4000000 5000000 52.298325
SL2.40ch10 5000000 6000000 53.825953
SL2.40ch10 6000000 7000000 46.826868
SL2.40ch10 7000000 8000000 54.751902
SL2.40ch10 8000000 9000000 53.044918
SL2.40ch10 9000000 10000000 55.364293
SL2.40ch10 10000000 11000000 54.594457
SL2.40ch10 11000000 12000000 54.414979
SL2.40ch10 12000000 13000000 54.851204
SL2.40ch10 13000000 14000000 54.737674
SL2.40ch10 14000000 15000000 54.575076
SL2.40ch10 15000000 16000000 51.875278
SL2.40ch10 16000000 17000000 54.167665
SL2.40ch10 17000000 18000000 55.245942
SL2.40ch10 18000000 19000000 53.352110
SL2.40ch10 19000000 20000000 55.210682
SL2.40ch10 20000000 21000000 54.735596
SL2.40ch10 21000000 22000000 54.879063
SL2.40ch10 22000000 23000000 46.481520
SL2.40ch10 23000000 24000000 52.347372
SL2.40ch10 24000000 25000000 54.592324
SL2.40ch10 25000000 26000000 55.078681
SL2.40ch10 26000000 27000000 55.222948
SL2.40ch10 27000000 28000000 55.008371
SL2.40ch10 28000000 29000000 53.105667
SL2.40ch10 29000000 30000000 54.973258
SL2.40ch10 30000000 31000000 54.692232
SL2.40ch10 31000000 32000000 55.235999
SL2.40ch10 32000000 33000000 53.303084
SL2.40ch10 33000000 34000000 54.676008
SL2.40ch10 34000000 35000000 51.941933
SL2.40ch10 35000000 36000000 55.164206
SL2.40ch10 36000000 37000000 48.079653
SL2.40ch10 37000000 38000000 52.852509
SL2.40ch10 38000000 39000000 54.853837
SL2.40ch10 39000000 40000000 54.189522
SL2.40ch10 40000000 41000000 55.174898
SL2.40ch10 41000000 42000000 51.272997
SL2.40ch10 42000000 43000000 54.856352
SL2.40ch10 43000000 44000000 52.404645
SL2.40ch10 44000000 45000000 54.854216
SL2.40ch10 45000000 46000000 53.849993
SL2.40ch10 46000000 47000000 54.283831
SL2.40ch10 47000000 48000000 54.314114
SL2.40ch10 48000000 49000000 53.785812
SL2.40ch10 49000000 50000000 54.073371
SL2.40ch10 50000000 51000000 54.651179
SL2.40ch10 51000000 52000000 54.749971
SL2.40ch10 52000000 53000000 54.468371
SL2.40ch10 53000000 54000000 54.226888
SL2.40ch10 54000000 55000000 53.599102
SL2.40ch10 55000000 56000000 54.954399
SL2.40ch10 56000000 57000000 51.239759
SL2.40ch10 57000000 58000000 52.501495
SL2.40ch10 58000000 59000000 54.627412
SL2.40ch10 59000000 60000000 55.087485
SL2.40ch10 60000000 61000000 54.266480
SL2.40ch10 61000000 62000000 55.506960
SL2.40ch10 62000000 63000000 53.849064
SL2.40ch10 63000000 64000000 55.181842
SL2.40ch10 64000000 64834305 55.414366
SL2.40ch11 0 1000000 55.321137
SL2.40ch11 1000000 2000000 54.992419
SL2.40ch11 2000000 3000000 55.226409
SL2.40ch11 3000000 4000000 54.582391
SL2.40ch11 4000000 5000000 54.345040
SL2.40ch11 5000000 6000000 55.209230
SL2.40ch11 6000000 7000000 54.562972
SL2.40ch11 7000000 8000000 54.205055
SL2.40ch11 8000000 9000000 54.618985
SL2.40ch11 9000000 10000000 54.565198
SL2.40ch11 10000000 11000000 54.431071
SL2.40ch11 11000000 12000000 54.511312
SL2.40ch11 12000000 13000000 51.774844
SL2.40ch11 13000000 14000000 45.963244
SL2.40ch11 14000000 15000000 53.121155
SL2.40ch11 15000000 16000000 51.308313
SL2.40ch11 16000000 17000000 54.649371
SL2.40ch11 17000000 18000000 53.295523
SL2.40ch11 18000000 19000000 54.508016
SL2.40ch11 19000000 20000000 54.858794
SL2.40ch11 20000000 21000000 54.522086
SL2.40ch11 21000000 22000000 55.123363
SL2.40ch11 22000000 23000000 55.141879
SL2.40ch11 23000000 24000000 51.883933
SL2.40ch11 24000000 25000000 54.927525
SL2.40ch11 25000000 26000000 54.544506
SL2.40ch11 26000000 27000000 55.178208
SL2.40ch11 27000000 28000000 55.060529
SL2.40ch11 28000000 29000000 53.276963
SL2.40ch11 29000000 30000000 54.055304
SL2.40ch11 30000000 31000000 54.927832
SL2.40ch11 31000000 32000000 55.076107
SL2.40ch11 32000000 33000000 55.128031
SL2.40ch11 33000000 34000000 55.160749
SL2.40ch11 34000000 35000000 55.146647
SL2.40ch11 35000000 36000000 49.084285
SL2.40ch11 36000000 37000000 51.362895
SL2.40ch11 37000000 38000000 52.811199
SL2.40ch11 38000000 39000000 54.365807
SL2.40ch11 39000000 40000000 54.901255
SL2.40ch11 40000000 41000000 54.477921
SL2.40ch11 41000000 42000000 50.538834
SL2.40ch11 42000000 43000000 52.627452
SL2.40ch11 43000000 44000000 51.302673
SL2.40ch11 44000000 45000000 54.916678
SL2.40ch11 45000000 46000000 50.540169
SL2.40ch11 46000000 47000000 51.039631
SL2.40ch11 47000000 48000000 52.808603
SL2.40ch11 48000000 49000000 54.567756
SL2.40ch11 49000000 50000000 55.138798
SL2.40ch11 50000000 51000000 54.977789
SL2.40ch11 51000000 52000000 55.440078
SL2.40ch11 52000000 53000000 55.258181
SL2.40ch11 53000000 53386025 55.570079
SL2.40ch12 0 1000000 53.684750
SL2.40ch12 1000000 2000000 53.395644
SL2.40ch12 2000000 3000000 55.060733
SL2.40ch12 3000000 4000000 55.003339
SL2.40ch12 4000000 5000000 53.629388
SL2.40ch12 5000000 6000000 53.988816
SL2.40ch12 6000000 7000000 54.780411
SL2.40ch12 7000000 8000000 51.947730
SL2.40ch12 8000000 9000000 54.898258
SL2.40ch12 9000000 10000000 54.782233
SL2.40ch12 10000000 11000000 54.122914
SL2.40ch12 11000000 12000000 53.984567
SL2.40ch12 12000000 13000000 55.025430
SL2.40ch12 13000000 14000000 54.889970
SL2.40ch12 14000000 15000000 54.643429
SL2.40ch12 15000000 16000000 54.841146
SL2.40ch12 16000000 17000000 54.156460
SL2.40ch12 17000000 18000000 52.654478
SL2.40ch12 18000000 19000000 54.938777
SL2.40ch12 19000000 20000000 54.553210
SL2.40ch12 20000000 21000000 55.076512
SL2.40ch12 21000000 22000000 55.038313
SL2.40ch12 22000000 23000000 48.067941
SL2.40ch12 23000000 24000000 54.982268
SL2.40ch12 24000000 25000000 52.849747
SL2.40ch12 25000000 26000000 54.721575
SL2.40ch12 26000000 27000000 52.697147
SL2.40ch12 27000000 28000000 55.099793
SL2.40ch12 28000000 29000000 54.108257
SL2.40ch12 29000000 30000000 46.551927
SL2.40ch12 30000000 31000000 55.144892
SL2.40ch12 31000000 32000000 51.369759
SL2.40ch12 32000000 33000000 54.337515
SL2.40ch12 33000000 34000000 52.874806
SL2.40ch12 34000000 35000000 54.236078
SL2.40ch12 35000000 36000000 55.128252
SL2.40ch12 36000000 37000000 54.754630
SL2.40ch12 37000000 38000000 54.855724
SL2.40ch12 38000000 39000000 54.111076
SL2.40ch12 39000000 40000000 54.020741
SL2.40ch12 40000000 41000000 54.835381
SL2.40ch12 41000000 42000000 54.837728
SL2.40ch12 42000000 43000000 54.988939
SL2.40ch12 43000000 44000000 54.489896
SL2.40ch12 44000000 45000000 54.551931
SL2.40ch12 45000000 46000000 54.643603
SL2.40ch12 46000000 47000000 54.607404
SL2.40ch12 47000000 48000000 54.923746
SL2.40ch12 48000000 49000000 54.461008
SL2.40ch12 49000000 50000000 54.470631
SL2.40ch12 50000000 51000000 54.660212
SL2.40ch12 51000000 52000000 48.303470
SL2.40ch12 52000000 53000000 53.586084
SL2.40ch12 53000000 54000000 54.727365
SL2.40ch12 54000000 55000000 54.686600
SL2.40ch12 55000000 56000000 51.024718
SL2.40ch12 56000000 57000000 54.938993
SL2.40ch12 57000000 58000000 55.002626
SL2.40ch12 58000000 59000000 54.542281
SL2.40ch12 59000000 60000000 54.590042
SL2.40ch12 60000000 61000000 54.949507
SL2.40ch12 61000000 62000000 54.964022
SL2.40ch12 62000000 63000000 55.159462
SL2.40ch12 63000000 64000000 52.527738
SL2.40ch12 64000000 65000000 55.159382
SL2.40ch12 65000000 65486253 55.461794
