SL2.40ch00 0 1000000 43.375525
SL2.40ch00 1000000 2000000 41.078134
SL2.40ch00 2000000 3000000 38.738577
SL2.40ch00 3000000 4000000 42.348497
SL2.40ch00 4000000 5000000 41.348449
SL2.40ch00 5000000 6000000 42.521555
SL2.40ch00 6000000 7000000 44.918473
SL2.40ch00 7000000 8000000 38.717511
SL2.40ch00 8000000 9000000 44.702135
SL2.40ch00 9000000 10000000 38.426306
SL2.40ch00 10000000 11000000 48.497574
SL2.40ch00 11000000 12000000 53.012546
SL2.40ch00 12000000 13000000 51.731412
SL2.40ch00 13000000 14000000 48.312179
SL2.40ch00 14000000 15000000 48.235346
SL2.40ch00 15000000 16000000 46.145192
SL2.40ch00 16000000 17000000 48.741383
SL2.40ch00 17000000 18000000 48.207261
SL2.40ch00 18000000 19000000 45.740613
SL2.40ch00 19000000 20000000 45.867385
SL2.40ch00 20000000 21000000 38.324543
SL2.40ch00 21000000 21805821 45.118045
SL2.40ch01 0 1000000 48.441541
SL2.40ch01 1000000 2000000 52.615857
SL2.40ch01 2000000 3000000 46.490253
SL2.40ch01 3000000 4000000 45.645505
SL2.40ch01 4000000 5000000 43.881770
SL2.40ch01 5000000 6000000 44.181150
SL2.40ch01 6000000 7000000 44.425727
SL2.40ch01 7000000 8000000 39.825768
SL2.40ch01 8000000 9000000 44.872957
SL2.40ch01 9000000 10000000 40.019760
SL2.40ch01 10000000 11000000 36.669356
SL2.40ch01 11000000 12000000 42.058634
SL2.40ch01 12000000 13000000 39.182897
SL2.40ch01 13000000 14000000 39.570963
SL2.40ch01 14000000 15000000 42.365526
SL2.40ch01 15000000 16000000 42.927187
SL2.40ch01 16000000 17000000 40.007914
SL2.40ch01 17000000 18000000 38.227461
SL2.40ch01 18000000 19000000 35.484860
SL2.40ch01 19000000 20000000 40.740184
SL2.40ch01 20000000 21000000 40.583200
SL2.40ch01 21000000 22000000 38.242712
SL2.40ch01 22000000 23000000 35.873194
SL2.40ch01 23000000 24000000 40.745463
SL2.40ch01 24000000 25000000 38.184620
SL2.40ch01 25000000 26000000 41.248509
SL2.40ch01 26000000 27000000 38.392430
SL2.40ch01 27000000 28000000 42.516523
SL2.40ch01 28000000 29000000 43.576703
SL2.40ch01 29000000 30000000 42.428287
SL2.40ch01 30000000 31000000 42.540511
SL2.40ch01 31000000 32000000 40.942355
SL2.40ch01 32000000 33000000 42.797077
SL2.40ch01 33000000 34000000 50.347950
SL2.40ch01 34000000 35000000 44.197061
SL2.40ch01 35000000 36000000 38.716463
SL2.40ch01 36000000 37000000 45.224278
SL2.40ch01 37000000 38000000 45.894934
SL2.40ch01 38000000 39000000 47.558604
SL2.40ch01 39000000 40000000 46.457516
SL2.40ch01 40000000 41000000 38.985988
SL2.40ch01 41000000 42000000 45.931955
SL2.40ch01 42000000 43000000 46.440639
SL2.40ch01 43000000 44000000 44.677484
SL2.40ch01 44000000 45000000 33.975120
SL2.40ch01 45000000 46000000 35.822095
SL2.40ch01 46000000 47000000 45.391905
SL2.40ch01 47000000 48000000 46.422555
SL2.40ch01 48000000 49000000 42.066843
SL2.40ch01 49000000 50000000 44.018859
SL2.40ch01 50000000 51000000 42.592815
SL2.40ch01 51000000 52000000 41.990366
SL2.40ch01 52000000 53000000 41.713861
SL2.40ch01 53000000 54000000 45.111617
SL2.40ch01 54000000 55000000 42.185829
SL2.40ch01 55000000 56000000 42.282701
SL2.40ch01 56000000 57000000 43.428163
SL2.40ch01 57000000 58000000 44.401736
SL2.40ch01 58000000 59000000 44.349818
SL2.40ch01 59000000 60000000 40.783811
SL2.40ch01 60000000 61000000 44.651489
SL2.40ch01 61000000 62000000 43.497671
SL2.40ch01 62000000 63000000 46.452379
SL2.40ch01 63000000 64000000 42.589523
SL2.40ch01 64000000 65000000 44.837384
SL2.40ch01 65000000 66000000 41.342214
SL2.40ch01 66000000 67000000 44.280930
SL2.40ch01 67000000 68000000 45.878266
SL2.40ch01 68000000 69000000 47.353594
SL2.40ch01 69000000 70000000 46.795732
SL2.40ch01 70000000 71000000 47.995362
SL2.40ch01 71000000 72000000 48.029628
SL2.40ch01 72000000 73000000 48.476051
SL2.40ch01 73000000 74000000 48.755904
SL2.40ch01 74000000 75000000 48.419404
SL2.40ch01 75000000 76000000 48.644409
SL2.40ch01 76000000 77000000 48.450747
SL2.40ch01 77000000 78000000 49.054569
SL2.40ch01 78000000 79000000 48.511058
SL2.40ch01 79000000 80000000 48.620200
SL2.40ch01 80000000 81000000 49.334630
SL2.40ch01 81000000 82000000 48.528435
SL2.40ch01 82000000 83000000 49.283281
SL2.40ch01 83000000 84000000 49.521782
SL2.40ch01 84000000 85000000 49.431877
SL2.40ch01 85000000 86000000 48.767719
SL2.40ch01 86000000 87000000 49.032543
SL2.40ch01 87000000 88000000 48.348140
SL2.40ch01 88000000 89000000 48.480842
SL2.40ch01 89000000 90000000 49.123068
SL2.40ch01 90000000 90304244 49.201517
SL2.40ch02 0 1000000 37.972883
SL2.40ch02 1000000 2000000 42.816042
SL2.40ch02 2000000 3000000 43.541130
SL2.40ch02 3000000 4000000 44.761987
SL2.40ch02 4000000 5000000 39.619191
SL2.40ch02 5000000 6000000 35.043707
SL2.40ch02 6000000 7000000 45.782858
SL2.40ch02 7000000 8000000 43.113386
SL2.40ch02 8000000 9000000 42.686172
SL2.40ch02 9000000 10000000 42.947874
SL2.40ch02 10000000 11000000 42.500528
SL2.40ch02 11000000 12000000 46.401187
SL2.40ch02 12000000 13000000 44.346629
SL2.40ch02 13000000 14000000 45.674042
SL2.40ch02 14000000 15000000 44.473644
SL2.40ch02 15000000 16000000 44.139117
SL2.40ch02 16000000 17000000 46.111087
SL2.40ch02 17000000 18000000 44.088974
SL2.40ch02 18000000 19000000 43.953785
SL2.40ch02 19000000 20000000 42.987567
SL2.40ch02 20000000 21000000 44.082686
SL2.40ch02 21000000 22000000 45.923213
SL2.40ch02 22000000 23000000 44.604199
SL2.40ch02 23000000 24000000 41.620718
SL2.40ch02 24000000 25000000 43.498242
SL2.40ch02 25000000 26000000 41.741750
SL2.40ch02 26000000 27000000 41.399887
SL2.40ch02 27000000 28000000 42.826242
SL2.40ch02 28000000 29000000 46.025088
SL2.40ch02 29000000 30000000 46.078680
SL2.40ch02 30000000 31000000 45.661508
SL2.40ch02 31000000 32000000 46.717186
SL2.40ch02 32000000 33000000 47.784589
SL2.40ch02 33000000 34000000 47.394363
SL2.40ch02 34000000 35000000 48.843596
SL2.40ch02 35000000 36000000 48.536750
SL2.40ch02 36000000 37000000 47.069730
SL2.40ch02 37000000 38000000 47.867221
SL2.40ch02 38000000 39000000 48.400109
SL2.40ch02 39000000 40000000 48.960828
SL2.40ch02 40000000 41000000 49.713266
SL2.40ch02 41000000 42000000 48.682524
SL2.40ch02 42000000 43000000 48.538995
SL2.40ch02 43000000 44000000 48.255522
SL2.40ch02 44000000 45000000 48.729714
SL2.40ch02 45000000 46000000 48.814685
SL2.40ch02 46000000 47000000 48.495643
SL2.40ch02 47000000 48000000 48.155949
SL2.40ch02 48000000 49000000 48.693406
SL2.40ch02 49000000 49918294 50.779188
SL2.40ch03 0 1000000 48.330479
SL2.40ch03 1000000 2000000 46.925214
SL2.40ch03 2000000 3000000 45.689973
SL2.40ch03 3000000 4000000 46.200455
SL2.40ch03 4000000 5000000 43.170971
SL2.40ch03 5000000 6000000 41.470048
SL2.40ch03 6000000 7000000 45.849542
SL2.40ch03 7000000 8000000 47.357103
SL2.40ch03 8000000 9000000 46.868532
SL2.40ch03 9000000 10000000 46.733887
SL2.40ch03 10000000 11000000 44.619104
SL2.40ch03 11000000 12000000 44.715253
SL2.40ch03 12000000 13000000 44.523792
SL2.40ch03 13000000 14000000 42.146636
SL2.40ch03 14000000 15000000 43.621205
SL2.40ch03 15000000 16000000 44.369978
SL2.40ch03 16000000 17000000 42.659050
SL2.40ch03 17000000 18000000 43.467369
SL2.40ch03 18000000 19000000 44.244602
SL2.40ch03 19000000 20000000 48.256383
SL2.40ch03 20000000 21000000 46.154250
SL2.40ch03 21000000 22000000 45.546984
SL2.40ch03 22000000 23000000 46.503346
SL2.40ch03 23000000 24000000 42.747674
SL2.40ch03 24000000 25000000 46.292055
SL2.40ch03 25000000 26000000 45.961541
SL2.40ch03 26000000 27000000 43.755552
SL2.40ch03 27000000 28000000 45.792911
SL2.40ch03 28000000 29000000 41.490898
SL2.40ch03 29000000 30000000 46.903799
SL2.40ch03 30000000 31000000 44.135572
SL2.40ch03 31000000 32000000 46.343449
SL2.40ch03 32000000 33000000 44.998478
SL2.40ch03 33000000 34000000 45.750135
SL2.40ch03 34000000 35000000 45.090933
SL2.40ch03 35000000 36000000 39.099647
SL2.40ch03 36000000 37000000 40.090797
SL2.40ch03 37000000 38000000 41.200746
SL2.40ch03 38000000 39000000 44.678090
SL2.40ch03 39000000 40000000 42.735225
SL2.40ch03 40000000 41000000 44.911392
SL2.40ch03 41000000 42000000 45.629340
SL2.40ch03 42000000 43000000 46.016480
SL2.40ch03 43000000 44000000 46.826629
SL2.40ch03 44000000 45000000 44.395588
SL2.40ch03 45000000 46000000 46.680196
SL2.40ch03 46000000 47000000 48.328282
SL2.40ch03 47000000 48000000 43.765740
SL2.40ch03 48000000 49000000 46.257152
SL2.40ch03 49000000 50000000 44.494413
SL2.40ch03 50000000 51000000 44.338509
SL2.40ch03 51000000 52000000 43.137100
SL2.40ch03 52000000 53000000 47.372414
SL2.40ch03 53000000 54000000 46.321601
SL2.40ch03 54000000 55000000 45.201962
SL2.40ch03 55000000 56000000 46.729142
SL2.40ch03 56000000 57000000 47.803724
SL2.40ch03 57000000 58000000 49.432532
SL2.40ch03 58000000 59000000 48.721564
SL2.40ch03 59000000 60000000 48.860061
SL2.40ch03 60000000 61000000 48.616050
SL2.40ch03 61000000 62000000 48.691755
SL2.40ch03 62000000 63000000 48.713117
SL2.40ch03 63000000 64000000 49.027765
SL2.40ch03 64000000 64840714 49.810448
SL2.40ch04 0 1000000 47.383960
SL2.40ch04 1000000 2000000 47.179643
SL2.40ch04 2000000 3000000 48.681698
SL2.40ch04 3000000 4000000 47.270857
SL2.40ch04 4000000 5000000 45.549004
SL2.40ch04 5000000 6000000 47.386152
SL2.40ch04 6000000 7000000 46.014618
SL2.40ch04 7000000 8000000 45.082471
SL2.40ch04 8000000 9000000 40.492520
SL2.40ch04 9000000 10000000 44.204647
SL2.40ch04 10000000 11000000 37.141836
SL2.40ch04 11000000 12000000 41.848598
SL2.40ch04 12000000 13000000 43.676894
SL2.40ch04 13000000 14000000 45.274320
SL2.40ch04 14000000 15000000 46.272932
SL2.40ch04 15000000 16000000 41.637410
SL2.40ch04 16000000 17000000 41.425044
SL2.40ch04 17000000 18000000 46.387975
SL2.40ch04 18000000 19000000 45.957378
SL2.40ch04 19000000 20000000 44.248951
SL2.40ch04 20000000 21000000 43.355965
SL2.40ch04 21000000 22000000 46.472075
SL2.40ch04 22000000 23000000 47.855309
SL2.40ch04 23000000 24000000 45.473746
SL2.40ch04 24000000 25000000 42.804165
SL2.40ch04 25000000 26000000 45.928139
SL2.40ch04 26000000 27000000 43.052292
SL2.40ch04 27000000 28000000 43.940823
SL2.40ch04 28000000 29000000 44.861773
SL2.40ch04 29000000 30000000 45.024135
SL2.40ch04 30000000 31000000 45.706841
SL2.40ch04 31000000 32000000 45.000643
SL2.40ch04 32000000 33000000 46.142380
SL2.40ch04 33000000 34000000 44.088845
SL2.40ch04 34000000 35000000 46.562838
SL2.40ch04 35000000 36000000 42.402321
SL2.40ch04 36000000 37000000 44.063527
SL2.40ch04 37000000 38000000 44.491576
SL2.40ch04 38000000 39000000 46.765305
SL2.40ch04 39000000 40000000 44.252223
SL2.40ch04 40000000 41000000 45.361976
SL2.40ch04 41000000 42000000 45.683294
SL2.40ch04 42000000 43000000 45.612903
SL2.40ch04 43000000 44000000 41.980597
SL2.40ch04 44000000 45000000 46.465126
SL2.40ch04 45000000 46000000 45.105466
SL2.40ch04 46000000 47000000 44.254407
SL2.40ch04 47000000 48000000 44.805985
SL2.40ch04 48000000 49000000 43.170078
SL2.40ch04 49000000 50000000 45.730617
SL2.40ch04 50000000 51000000 45.820242
SL2.40ch04 51000000 52000000 45.382953
SL2.40ch04 52000000 53000000 45.772792
SL2.40ch04 53000000 54000000 45.247689
SL2.40ch04 54000000 55000000 48.421070
SL2.40ch04 55000000 56000000 47.018680
SL2.40ch04 56000000 57000000 48.132589
SL2.40ch04 57000000 58000000 48.076854
SL2.40ch04 58000000 59000000 48.267938
SL2.40ch04 59000000 60000000 48.690414
SL2.40ch04 60000000 61000000 47.705187
SL2.40ch04 61000000 62000000 48.452894
SL2.40ch04 62000000 63000000 48.322705
SL2.40ch04 63000000 64000000 41.372041
SL2.40ch04 64000000 64064312 50.387553
SL2.40ch05 0 1000000 48.376812
SL2.40ch05 1000000 2000000 47.955334
SL2.40ch05 2000000 3000000 48.591128
SL2.40ch05 3000000 4000000 46.067510
SL2.40ch05 4000000 5000000 47.115710
SL2.40ch05 5000000 6000000 47.036730
SL2.40ch05 6000000 7000000 47.402561
SL2.40ch05 7000000 8000000 40.531766
SL2.40ch05 8000000 9000000 44.719465
SL2.40ch05 9000000 10000000 43.878036
SL2.40ch05 10000000 11000000 45.192754
SL2.40ch05 11000000 12000000 44.207527
SL2.40ch05 12000000 13000000 43.783981
SL2.40ch05 13000000 14000000 42.284732
SL2.40ch05 14000000 15000000 42.775292
SL2.40ch05 15000000 16000000 43.208268
SL2.40ch05 16000000 17000000 44.917394
SL2.40ch05 17000000 18000000 41.908170
SL2.40ch05 18000000 19000000 43.407504
SL2.40ch05 19000000 20000000 44.659226
SL2.40ch05 20000000 21000000 45.993913
SL2.40ch05 21000000 22000000 39.877409
SL2.40ch05 22000000 23000000 46.539692
SL2.40ch05 23000000 24000000 42.633410
SL2.40ch05 24000000 25000000 42.407290
SL2.40ch05 25000000 26000000 42.434794
SL2.40ch05 26000000 27000000 41.804554
SL2.40ch05 27000000 28000000 37.062844
SL2.40ch05 28000000 29000000 41.273423
SL2.40ch05 29000000 30000000 44.507035
SL2.40ch05 30000000 31000000 44.057617
SL2.40ch05 31000000 32000000 45.933227
SL2.40ch05 32000000 33000000 43.578819
SL2.40ch05 33000000 34000000 41.945807
SL2.40ch05 34000000 35000000 36.242834
SL2.40ch05 35000000 36000000 42.370469
SL2.40ch05 36000000 37000000 45.084015
SL2.40ch05 37000000 38000000 43.026054
SL2.40ch05 38000000 39000000 42.800860
SL2.40ch05 39000000 40000000 44.287789
SL2.40ch05 40000000 41000000 44.559026
SL2.40ch05 41000000 42000000 44.308169
SL2.40ch05 42000000 43000000 42.779247
SL2.40ch05 43000000 44000000 43.796038
SL2.40ch05 44000000 45000000 44.124429
SL2.40ch05 45000000 46000000 43.271730
SL2.40ch05 46000000 47000000 41.445450
SL2.40ch05 47000000 48000000 38.784823
SL2.40ch05 48000000 49000000 43.926591
SL2.40ch05 49000000 50000000 45.498647
SL2.40ch05 50000000 51000000 41.957657
SL2.40ch05 51000000 52000000 43.348775
SL2.40ch05 52000000 53000000 41.863415
SL2.40ch05 53000000 54000000 41.348747
SL2.40ch05 54000000 55000000 43.864605
SL2.40ch05 55000000 56000000 42.700796
SL2.40ch05 56000000 57000000 42.071533
SL2.40ch05 57000000 58000000 42.453734
SL2.40ch05 58000000 59000000 45.398362
SL2.40ch05 59000000 60000000 45.469185
SL2.40ch05 60000000 61000000 45.368844
SL2.40ch05 61000000 62000000 47.465550
SL2.40ch05 62000000 63000000 47.631262
SL2.40ch05 63000000 64000000 47.992531
SL2.40ch05 64000000 65000000 49.689554
SL2.40ch05 65000000 65021438 50.536853
SL2.40ch06 0 1000000 47.458508
SL2.40ch06 1000000 2000000 46.761029
SL2.40ch06 2000000 3000000 46.867421
SL2.40ch06 3000000 4000000 46.522041
SL2.40ch06 4000000 5000000 46.190105
SL2.40ch06 5000000 6000000 45.347935
SL2.40ch06 6000000 7000000 43.739047
SL2.40ch06 7000000 8000000 42.877875
SL2.40ch06 8000000 9000000 43.561319
SL2.40ch06 9000000 10000000 39.015292
SL2.40ch06 10000000 11000000 43.131498
SL2.40ch06 11000000 12000000 37.861920
SL2.40ch06 12000000 13000000 44.039464
SL2.40ch06 13000000 14000000 43.507519
SL2.40ch06 14000000 15000000 42.632156
SL2.40ch06 15000000 16000000 39.836902
SL2.40ch06 16000000 17000000 43.312724
SL2.40ch06 17000000 18000000 44.612129
SL2.40ch06 18000000 19000000 42.446262
SL2.40ch06 19000000 20000000 41.377887
SL2.40ch06 20000000 21000000 45.000694
SL2.40ch06 21000000 22000000 42.662061
SL2.40ch06 22000000 23000000 45.396411
SL2.40ch06 23000000 24000000 45.416969
SL2.40ch06 24000000 25000000 42.043952
SL2.40ch06 25000000 26000000 45.129303
SL2.40ch06 26000000 27000000 43.608388
SL2.40ch06 27000000 28000000 44.257732
SL2.40ch06 28000000 29000000 46.013243
SL2.40ch06 29000000 30000000 45.285861
SL2.40ch06 30000000 31000000 45.907130
SL2.40ch06 31000000 32000000 46.236635
SL2.40ch06 32000000 33000000 46.807803
SL2.40ch06 33000000 34000000 46.417247
SL2.40ch06 34000000 35000000 47.567218
SL2.40ch06 35000000 36000000 47.536179
SL2.40ch06 36000000 37000000 48.488406
SL2.40ch06 37000000 38000000 49.011973
SL2.40ch06 38000000 39000000 48.289208
SL2.40ch06 39000000 40000000 48.269530
SL2.40ch06 40000000 41000000 48.394746
SL2.40ch06 41000000 42000000 48.524341
SL2.40ch06 42000000 43000000 48.291426
SL2.40ch06 43000000 44000000 47.189648
SL2.40ch06 44000000 45000000 48.765114
SL2.40ch06 45000000 46000000 48.995950
SL2.40ch06 46000000 46041636 36.438596
SL2.40ch07 0 1000000 47.533182
SL2.40ch07 1000000 2000000 46.425818
SL2.40ch07 2000000 3000000 47.494443
SL2.40ch07 3000000 4000000 46.282742
SL2.40ch07 4000000 5000000 43.865026
SL2.40ch07 5000000 6000000 43.809380
SL2.40ch07 6000000 7000000 45.114423
SL2.40ch07 7000000 8000000 45.174482
SL2.40ch07 8000000 9000000 43.895970
SL2.40ch07 9000000 10000000 45.683230
SL2.40ch07 10000000 11000000 45.155525
SL2.40ch07 11000000 12000000 44.780060
SL2.40ch07 12000000 13000000 43.957645
SL2.40ch07 13000000 14000000 45.135461
SL2.40ch07 14000000 15000000 44.697727
SL2.40ch07 15000000 16000000 44.219825
SL2.40ch07 16000000 17000000 43.062298
SL2.40ch07 17000000 18000000 40.274764
SL2.40ch07 18000000 19000000 42.421793
SL2.40ch07 19000000 20000000 43.606622
SL2.40ch07 20000000 21000000 43.927957
SL2.40ch07 21000000 22000000 46.104198
SL2.40ch07 22000000 23000000 42.425361
SL2.40ch07 23000000 24000000 46.629984
SL2.40ch07 24000000 25000000 41.841714
SL2.40ch07 25000000 26000000 42.111363
SL2.40ch07 26000000 27000000 47.526314
SL2.40ch07 27000000 28000000 46.145347
SL2.40ch07 28000000 29000000 42.629137
SL2.40ch07 29000000 30000000 39.606983
SL2.40ch07 30000000 31000000 45.039915
SL2.40ch07 31000000 32000000 43.078324
SL2.40ch07 32000000 33000000 43.480284
SL2.40ch07 33000000 34000000 46.715468
SL2.40ch07 34000000 35000000 43.855823
SL2.40ch07 35000000 36000000 47.085418
SL2.40ch07 36000000 37000000 45.041362
SL2.40ch07 37000000 38000000 38.907096
SL2.40ch07 38000000 39000000 36.764698
SL2.40ch07 39000000 40000000 44.607961
SL2.40ch07 40000000 41000000 46.353184
SL2.40ch07 41000000 42000000 40.796756
SL2.40ch07 42000000 43000000 43.527262
SL2.40ch07 43000000 44000000 37.337917
SL2.40ch07 44000000 45000000 44.064431
SL2.40ch07 45000000 46000000 42.922789
SL2.40ch07 46000000 47000000 44.110143
SL2.40ch07 47000000 48000000 41.506592
SL2.40ch07 48000000 49000000 43.646114
SL2.40ch07 49000000 50000000 45.345499
SL2.40ch07 50000000 51000000 46.187369
SL2.40ch07 51000000 52000000 44.565986
SL2.40ch07 52000000 53000000 45.771163
SL2.40ch07 53000000 54000000 46.769228
SL2.40ch07 54000000 55000000 45.072046
SL2.40ch07 55000000 56000000 47.602879
SL2.40ch07 56000000 57000000 47.815619
SL2.40ch07 57000000 58000000 46.233255
SL2.40ch07 58000000 59000000 47.097085
SL2.40ch07 59000000 60000000 47.347112
SL2.40ch07 60000000 61000000 47.839492
SL2.40ch07 61000000 62000000 48.016486
SL2.40ch07 62000000 63000000 48.289338
SL2.40ch07 63000000 64000000 48.697523
SL2.40ch07 64000000 65000000 49.504172
SL2.40ch07 65000000 65268621 50.763166
SL2.40ch08 0 1000000 43.648031
SL2.40ch08 1000000 2000000 47.680022
SL2.40ch08 2000000 3000000 47.977585
SL2.40ch08 3000000 4000000 45.616302
SL2.40ch08 4000000 5000000 45.552596
SL2.40ch08 5000000 6000000 44.206155
SL2.40ch08 6000000 7000000 43.905265
SL2.40ch08 7000000 8000000 44.096347
SL2.40ch08 8000000 9000000 42.807673
SL2.40ch08 9000000 10000000 43.759656
SL2.40ch08 10000000 11000000 46.091139
SL2.40ch08 11000000 12000000 44.667393
SL2.40ch08 12000000 13000000 44.884858
SL2.40ch08 13000000 14000000 37.029098
SL2.40ch08 14000000 15000000 42.015146
SL2.40ch08 15000000 16000000 42.985572
SL2.40ch08 16000000 17000000 45.901480
SL2.40ch08 17000000 18000000 42.555205
SL2.40ch08 18000000 19000000 39.024807
SL2.40ch08 19000000 20000000 35.948150
SL2.40ch08 20000000 21000000 40.580483
SL2.40ch08 21000000 22000000 41.808198
SL2.40ch08 22000000 23000000 44.143493
SL2.40ch08 23000000 24000000 42.291965
SL2.40ch08 24000000 25000000 40.189176
SL2.40ch08 25000000 26000000 46.990093
SL2.40ch08 26000000 27000000 43.894722
SL2.40ch08 27000000 28000000 43.163553
SL2.40ch08 28000000 29000000 44.071118
SL2.40ch08 29000000 30000000 43.643081
SL2.40ch08 30000000 31000000 43.314218
SL2.40ch08 31000000 32000000 43.612048
SL2.40ch08 32000000 33000000 44.104138
SL2.40ch08 33000000 34000000 42.165155
SL2.40ch08 34000000 35000000 37.270329
SL2.40ch08 35000000 36000000 43.382288
SL2.40ch08 36000000 37000000 42.946356
SL2.40ch08 37000000 38000000 39.955622
SL2.40ch08 38000000 39000000 43.841812
SL2.40ch08 39000000 40000000 42.856470
SL2.40ch08 40000000 41000000 40.300561
SL2.40ch08 41000000 42000000 42.067248
SL2.40ch08 42000000 43000000 45.441761
SL2.40ch08 43000000 44000000 44.829739
SL2.40ch08 44000000 45000000 44.291256
SL2.40ch08 45000000 46000000 41.981289
SL2.40ch08 46000000 47000000 46.302473
SL2.40ch08 47000000 48000000 43.783627
SL2.40ch08 48000000 49000000 44.491249
SL2.40ch08 49000000 50000000 45.011910
SL2.40ch08 50000000 51000000 44.153500
SL2.40ch08 51000000 52000000 46.666254
SL2.40ch08 52000000 53000000 45.707654
SL2.40ch08 53000000 54000000 47.006095
SL2.40ch08 54000000 55000000 49.120324
SL2.40ch08 55000000 56000000 47.788919
SL2.40ch08 56000000 57000000 47.947490
SL2.40ch08 57000000 58000000 48.366500
SL2.40ch08 58000000 59000000 48.404371
SL2.40ch08 59000000 60000000 47.977285
SL2.40ch08 60000000 61000000 48.168388
SL2.40ch08 61000000 62000000 47.731714
SL2.40ch08 62000000 63000000 49.185199
SL2.40ch08 63000000 63032657 50.027612
SL2.40ch09 0 1000000 49.798461
SL2.40ch09 1000000 2000000 47.244791
SL2.40ch09 2000000 3000000 47.963543
SL2.40ch09 3000000 4000000 47.802864
SL2.40ch09 4000000 5000000 46.416604
SL2.40ch09 5000000 6000000 44.945803
SL2.40ch09 6000000 7000000 42.926088
SL2.40ch09 7000000 8000000 44.271056
SL2.40ch09 8000000 9000000 43.707961
SL2.40ch09 9000000 10000000 40.447493
SL2.40ch09 10000000 11000000 42.387299
SL2.40ch09 11000000 12000000 47.317562
SL2.40ch09 12000000 13000000 44.783797
SL2.40ch09 13000000 14000000 42.985215
SL2.40ch09 14000000 15000000 45.946837
SL2.40ch09 15000000 16000000 44.307643
SL2.40ch09 16000000 17000000 47.152350
SL2.40ch09 17000000 18000000 46.883268
SL2.40ch09 18000000 19000000 45.751518
SL2.40ch09 19000000 20000000 43.875704
SL2.40ch09 20000000 21000000 42.774032
SL2.40ch09 21000000 22000000 38.505618
SL2.40ch09 22000000 23000000 42.143067
SL2.40ch09 23000000 24000000 46.231092
SL2.40ch09 24000000 25000000 43.192061
SL2.40ch09 25000000 26000000 38.324663
SL2.40ch09 26000000 27000000 34.986819
SL2.40ch09 27000000 28000000 39.972155
SL2.40ch09 28000000 29000000 39.617902
SL2.40ch09 29000000 30000000 47.391712
SL2.40ch09 30000000 31000000 44.315030
SL2.40ch09 31000000 32000000 42.593624
SL2.40ch09 32000000 33000000 42.931596
SL2.40ch09 33000000 34000000 43.569518
SL2.40ch09 34000000 35000000 40.533057
SL2.40ch09 35000000 36000000 46.072585
SL2.40ch09 36000000 37000000 39.996901
SL2.40ch09 37000000 38000000 43.031644
SL2.40ch09 38000000 39000000 37.930010
SL2.40ch09 39000000 40000000 41.100333
SL2.40ch09 40000000 41000000 42.693757
SL2.40ch09 41000000 42000000 45.469810
SL2.40ch09 42000000 43000000 42.481336
SL2.40ch09 43000000 44000000 41.803785
SL2.40ch09 44000000 45000000 43.961114
SL2.40ch09 45000000 46000000 43.363005
SL2.40ch09 46000000 47000000 37.064054
SL2.40ch09 47000000 48000000 44.257974
SL2.40ch09 48000000 49000000 44.937522
SL2.40ch09 49000000 50000000 43.687223
SL2.40ch09 50000000 51000000 45.789153
SL2.40ch09 51000000 52000000 36.179141
SL2.40ch09 52000000 53000000 41.069050
SL2.40ch09 53000000 54000000 43.647283
SL2.40ch09 54000000 55000000 41.608077
SL2.40ch09 55000000 56000000 41.709115
SL2.40ch09 56000000 57000000 45.597525
SL2.40ch09 57000000 58000000 44.895903
SL2.40ch09 58000000 59000000 44.913249
SL2.40ch09 59000000 60000000 47.555939
SL2.40ch09 60000000 61000000 47.519369
SL2.40ch09 61000000 62000000 46.001298
SL2.40ch09 62000000 63000000 48.387624
SL2.40ch09 63000000 64000000 47.685811
SL2.40ch09 64000000 65000000 47.304323
SL2.40ch09 65000000 66000000 48.131680
SL2.40ch09 66000000 67000000 48.475643
SL2.40ch09 67000000 67662091 49.588621
SL2.40ch10 0 1000000 47.570954
SL2.40ch10 1000000 2000000 47.548826
SL2.40ch10 2000000 3000000 46.752541
SL2.40ch10 3000000 4000000 45.802786
SL2.40ch10 4000000 5000000 44.417477
SL2.40ch10 5000000 6000000 42.692664
SL2.40ch10 6000000 7000000 43.830441
SL2.40ch10 7000000 8000000 44.869550
SL2.40ch10 8000000 9000000 44.845372
SL2.40ch10 9000000 10000000 39.522177
SL2.40ch10 10000000 11000000 42.506324
SL2.40ch10 11000000 12000000 41.486018
SL2.40ch10 12000000 13000000 42.754885
SL2.40ch10 13000000 14000000 47.070931
SL2.40ch10 14000000 15000000 43.352273
SL2.40ch10 15000000 16000000 47.000356
SL2.40ch10 16000000 17000000 37.919863
SL2.40ch10 17000000 18000000 47.240258
SL2.40ch10 18000000 19000000 41.504007
SL2.40ch10 19000000 20000000 41.719546
SL2.40ch10 20000000 21000000 44.645265
SL2.40ch10 21000000 22000000 46.459369
SL2.40ch10 22000000 23000000 43.730629
SL2.40ch10 23000000 24000000 41.559221
SL2.40ch10 24000000 25000000 44.073062
SL2.40ch10 25000000 26000000 42.043143
SL2.40ch10 26000000 27000000 38.967168
SL2.40ch10 27000000 28000000 43.758112
SL2.40ch10 28000000 29000000 45.339754
SL2.40ch10 29000000 30000000 40.471343
SL2.40ch10 30000000 31000000 43.593535
SL2.40ch10 31000000 32000000 41.238193
SL2.40ch10 32000000 33000000 44.456981
SL2.40ch10 33000000 34000000 38.218875
SL2.40ch10 34000000 35000000 45.009200
SL2.40ch10 35000000 36000000 46.094456
SL2.40ch10 36000000 37000000 44.931496
SL2.40ch10 37000000 38000000 42.019036
SL2.40ch10 38000000 39000000 42.921138
SL2.40ch10 39000000 40000000 46.602625
SL2.40ch10 40000000 41000000 45.942859
SL2.40ch10 41000000 42000000 43.948173
SL2.40ch10 42000000 43000000 45.249816
SL2.40ch10 43000000 44000000 44.201910
SL2.40ch10 44000000 45000000 39.789881
SL2.40ch10 45000000 46000000 47.539309
SL2.40ch10 46000000 47000000 44.233861
SL2.40ch10 47000000 48000000 43.225307
SL2.40ch10 48000000 49000000 45.305001
SL2.40ch10 49000000 50000000 41.656110
SL2.40ch10 50000000 51000000 44.873031
SL2.40ch10 51000000 52000000 42.678482
SL2.40ch10 52000000 53000000 44.016656
SL2.40ch10 53000000 54000000 42.816427
SL2.40ch10 54000000 55000000 42.685293
SL2.40ch10 55000000 56000000 44.808153
SL2.40ch10 56000000 57000000 41.462658
SL2.40ch10 57000000 58000000 45.189895
SL2.40ch10 58000000 59000000 46.074125
SL2.40ch10 59000000 60000000 48.173463
SL2.40ch10 60000000 61000000 47.259673
SL2.40ch10 61000000 62000000 47.786800
SL2.40ch10 62000000 63000000 47.778926
SL2.40ch10 63000000 64000000 48.967974
SL2.40ch10 64000000 64834305 48.878002
SL2.40ch11 0 1000000 50.080443
SL2.40ch11 1000000 2000000 48.728142
SL2.40ch11 2000000 3000000 48.989484
SL2.40ch11 3000000 4000000 47.396018
SL2.40ch11 4000000 5000000 47.531737
SL2.40ch11 5000000 6000000 48.248439
SL2.40ch11 6000000 7000000 46.589360
SL2.40ch11 7000000 8000000 45.083830
SL2.40ch11 8000000 9000000 45.800410
SL2.40ch11 9000000 10000000 44.909870
SL2.40ch11 10000000 11000000 41.591303
SL2.40ch11 11000000 12000000 42.613031
SL2.40ch11 12000000 13000000 43.616525
SL2.40ch11 13000000 14000000 44.516686
SL2.40ch11 14000000 15000000 41.806321
SL2.40ch11 15000000 16000000 40.519153
SL2.40ch11 16000000 17000000 45.136589
SL2.40ch11 17000000 18000000 46.149268
SL2.40ch11 18000000 19000000 46.709749
SL2.40ch11 19000000 20000000 42.231553
SL2.40ch11 20000000 21000000 47.106798
SL2.40ch11 21000000 22000000 46.234145
SL2.40ch11 22000000 23000000 48.771294
SL2.40ch11 23000000 24000000 50.571610
SL2.40ch11 24000000 25000000 44.505441
SL2.40ch11 25000000 26000000 44.592014
SL2.40ch11 26000000 27000000 46.102494
SL2.40ch11 27000000 28000000 42.054258
SL2.40ch11 28000000 29000000 45.839140
SL2.40ch11 29000000 30000000 42.040502
SL2.40ch11 30000000 31000000 47.918203
SL2.40ch11 31000000 32000000 45.233126
SL2.40ch11 32000000 33000000 43.278891
SL2.40ch11 33000000 34000000 37.812818
SL2.40ch11 34000000 35000000 45.784641
SL2.40ch11 35000000 36000000 46.467332
SL2.40ch11 36000000 37000000 47.026152
SL2.40ch11 37000000 38000000 44.472646
SL2.40ch11 38000000 39000000 41.415885
SL2.40ch11 39000000 40000000 40.197642
SL2.40ch11 40000000 41000000 41.577283
SL2.40ch11 41000000 42000000 43.603485
SL2.40ch11 42000000 43000000 45.908710
SL2.40ch11 43000000 44000000 50.139220
SL2.40ch11 44000000 45000000 38.395465
SL2.40ch11 45000000 46000000 45.133869
SL2.40ch11 46000000 47000000 45.997831
SL2.40ch11 47000000 48000000 46.489230
SL2.40ch11 48000000 49000000 46.392997
SL2.40ch11 49000000 50000000 48.376127
SL2.40ch11 50000000 51000000 47.285243
SL2.40ch11 51000000 52000000 48.571896
SL2.40ch11 52000000 53000000 48.695103
SL2.40ch11 53000000 53386025 49.959749
SL2.40ch12 0 1000000 48.895906
SL2.40ch12 1000000 2000000 47.952191
SL2.40ch12 2000000 3000000 46.963159
SL2.40ch12 3000000 4000000 47.647686
SL2.40ch12 4000000 5000000 46.001060
SL2.40ch12 5000000 6000000 45.474115
SL2.40ch12 6000000 7000000 46.582113
SL2.40ch12 7000000 8000000 45.621400
SL2.40ch12 8000000 9000000 44.478534
SL2.40ch12 9000000 10000000 43.986571
SL2.40ch12 10000000 11000000 44.287522
SL2.40ch12 11000000 12000000 41.066882
SL2.40ch12 12000000 13000000 43.946614
SL2.40ch12 13000000 14000000 38.580821
SL2.40ch12 14000000 15000000 44.910860
SL2.40ch12 15000000 16000000 42.603529
SL2.40ch12 16000000 17000000 43.637315
SL2.40ch12 17000000 18000000 40.773021
SL2.40ch12 18000000 19000000 43.752396
SL2.40ch12 19000000 20000000 41.916023
SL2.40ch12 20000000 21000000 41.306214
SL2.40ch12 21000000 22000000 42.369394
SL2.40ch12 22000000 23000000 42.862633
SL2.40ch12 23000000 24000000 45.637739
SL2.40ch12 24000000 25000000 44.837609
SL2.40ch12 25000000 26000000 46.299027
SL2.40ch12 26000000 27000000 46.125045
SL2.40ch12 27000000 28000000 41.248302
SL2.40ch12 28000000 29000000 48.097192
SL2.40ch12 29000000 30000000 45.438018
SL2.40ch12 30000000 31000000 43.137739
SL2.40ch12 31000000 32000000 43.723474
SL2.40ch12 32000000 33000000 43.702668
SL2.40ch12 33000000 34000000 43.916659
SL2.40ch12 34000000 35000000 41.435894
SL2.40ch12 35000000 36000000 44.648443
SL2.40ch12 36000000 37000000 43.252462
SL2.40ch12 37000000 38000000 41.546789
SL2.40ch12 38000000 39000000 43.409862
SL2.40ch12 39000000 40000000 45.469702
SL2.40ch12 40000000 41000000 42.381769
SL2.40ch12 41000000 42000000 42.376995
SL2.40ch12 42000000 43000000 42.615206
SL2.40ch12 43000000 44000000 44.134952
SL2.40ch12 44000000 45000000 41.212751
SL2.40ch12 45000000 46000000 45.105383
SL2.40ch12 46000000 47000000 44.807878
SL2.40ch12 47000000 48000000 46.659409
SL2.40ch12 48000000 49000000 45.669131
SL2.40ch12 49000000 50000000 45.297097
SL2.40ch12 50000000 51000000 46.511592
SL2.40ch12 51000000 52000000 43.677616
SL2.40ch12 52000000 53000000 40.200320
SL2.40ch12 53000000 54000000 45.761066
SL2.40ch12 54000000 55000000 44.888066
SL2.40ch12 55000000 56000000 46.046626
SL2.40ch12 56000000 57000000 41.348701
SL2.40ch12 57000000 58000000 40.276077
SL2.40ch12 58000000 59000000 41.375338
SL2.40ch12 59000000 60000000 38.173325
SL2.40ch12 60000000 61000000 40.754778
SL2.40ch12 61000000 62000000 45.370589
SL2.40ch12 62000000 63000000 47.261979
SL2.40ch12 63000000 64000000 47.698145
SL2.40ch12 64000000 65000000 49.322592
SL2.40ch12 65000000 65486253 51.047274
