SL2.40ch00 0 1000000 55.560786
SL2.40ch00 1000000 2000000 55.673927
SL2.40ch00 2000000 3000000 55.571764
SL2.40ch00 3000000 4000000 54.735604
SL2.40ch00 4000000 5000000 48.837305
SL2.40ch00 5000000 6000000 54.773541
SL2.40ch00 6000000 7000000 55.456005
SL2.40ch00 7000000 8000000 52.397056
SL2.40ch00 8000000 9000000 51.853302
SL2.40ch00 9000000 10000000 47.335871
SL2.40ch00 10000000 11000000 50.273204
SL2.40ch00 11000000 12000000 53.789336
SL2.40ch00 12000000 13000000 53.242651
SL2.40ch00 13000000 14000000 52.163142
SL2.40ch00 14000000 15000000 51.669831
SL2.40ch00 15000000 16000000 52.979669
SL2.40ch00 16000000 17000000 52.444302
SL2.40ch00 17000000 18000000 52.506809
SL2.40ch00 18000000 19000000 51.946512
SL2.40ch00 19000000 20000000 50.346898
SL2.40ch00 20000000 21000000 48.723983
SL2.40ch00 21000000 21805821 50.649499
SL2.40ch01 0 1000000 56.035575
SL2.40ch01 1000000 2000000 53.538127
SL2.40ch01 2000000 3000000 55.922529
SL2.40ch01 3000000 4000000 55.674116
SL2.40ch01 4000000 5000000 55.419830
SL2.40ch01 5000000 6000000 55.238619
SL2.40ch01 6000000 7000000 55.099121
SL2.40ch01 7000000 8000000 55.521370
SL2.40ch01 8000000 9000000 55.958641
SL2.40ch01 9000000 10000000 51.438201
SL2.40ch01 10000000 11000000 53.288883
SL2.40ch01 11000000 12000000 55.597676
SL2.40ch01 12000000 13000000 55.853429
SL2.40ch01 13000000 14000000 56.057810
SL2.40ch01 14000000 15000000 55.661164
SL2.40ch01 15000000 16000000 55.430351
SL2.40ch01 16000000 17000000 55.553713
SL2.40ch01 17000000 18000000 54.559065
SL2.40ch01 18000000 19000000 55.270858
SL2.40ch01 19000000 20000000 55.439885
SL2.40ch01 20000000 21000000 55.749987
SL2.40ch01 21000000 22000000 55.710643
SL2.40ch01 22000000 23000000 55.472770
SL2.40ch01 23000000 24000000 42.454026
SL2.40ch01 24000000 25000000 55.821880
SL2.40ch01 25000000 26000000 54.669021
SL2.40ch01 26000000 27000000 55.792046
SL2.40ch01 27000000 28000000 52.170572
SL2.40ch01 28000000 29000000 56.128299
SL2.40ch01 29000000 30000000 53.414732
SL2.40ch01 30000000 31000000 55.505250
SL2.40ch01 31000000 32000000 55.807234
SL2.40ch01 32000000 33000000 55.323979
SL2.40ch01 33000000 34000000 55.809204
SL2.40ch01 34000000 35000000 55.539711
SL2.40ch01 35000000 36000000 54.245950
SL2.40ch01 36000000 37000000 55.311707
SL2.40ch01 37000000 38000000 54.705254
SL2.40ch01 38000000 39000000 53.144979
SL2.40ch01 39000000 40000000 54.156093
SL2.40ch01 40000000 41000000 51.419292
SL2.40ch01 41000000 42000000 54.075252
SL2.40ch01 42000000 43000000 55.810669
SL2.40ch01 43000000 44000000 55.644856
SL2.40ch01 44000000 45000000 55.054972
SL2.40ch01 45000000 46000000 55.787207
SL2.40ch01 46000000 47000000 52.644550
SL2.40ch01 47000000 48000000 55.411209
SL2.40ch01 48000000 49000000 55.416671
SL2.40ch01 49000000 50000000 55.506981
SL2.40ch01 50000000 51000000 52.439968
SL2.40ch01 51000000 52000000 55.868426
SL2.40ch01 52000000 53000000 55.611290
SL2.40ch01 53000000 54000000 55.599971
SL2.40ch01 54000000 55000000 55.464983
SL2.40ch01 55000000 56000000 54.848013
SL2.40ch01 56000000 57000000 55.624012
SL2.40ch01 57000000 58000000 53.808462
SL2.40ch01 58000000 59000000 52.908327
SL2.40ch01 59000000 60000000 52.047320
SL2.40ch01 60000000 61000000 55.685065
SL2.40ch01 61000000 62000000 55.534087
SL2.40ch01 62000000 63000000 55.388037
SL2.40ch01 63000000 64000000 55.045880
SL2.40ch01 64000000 65000000 53.042442
SL2.40ch01 65000000 66000000 55.689797
SL2.40ch01 66000000 67000000 54.501277
SL2.40ch01 67000000 68000000 55.536664
SL2.40ch01 68000000 69000000 55.585890
SL2.40ch01 69000000 70000000 55.604082
SL2.40ch01 70000000 71000000 55.861536
SL2.40ch01 71000000 72000000 56.036937
SL2.40ch01 72000000 73000000 55.941715
SL2.40ch01 73000000 74000000 54.573617
SL2.40ch01 74000000 75000000 52.972783
SL2.40ch01 75000000 76000000 55.829804
SL2.40ch01 76000000 77000000 54.219052
SL2.40ch01 77000000 78000000 55.664607
SL2.40ch01 78000000 79000000 51.407020
SL2.40ch01 79000000 80000000 53.951207
SL2.40ch01 80000000 81000000 55.876294
SL2.40ch01 81000000 82000000 54.003514
SL2.40ch01 82000000 83000000 56.216242
SL2.40ch01 83000000 84000000 54.426809
SL2.40ch01 84000000 85000000 56.114328
SL2.40ch01 85000000 86000000 55.384981
SL2.40ch01 86000000 87000000 55.863087
SL2.40ch01 87000000 88000000 55.842109
SL2.40ch01 88000000 89000000 56.114790
SL2.40ch01 89000000 90000000 56.020402
SL2.40ch01 90000000 90304244 53.015689
SL2.40ch02 0 1000000 55.423174
SL2.40ch02 1000000 2000000 55.468237
SL2.40ch02 2000000 3000000 55.084540
SL2.40ch02 3000000 4000000 51.340284
SL2.40ch02 4000000 5000000 42.112514
SL2.40ch02 5000000 6000000 42.468287
SL2.40ch02 6000000 7000000 55.492989
SL2.40ch02 7000000 8000000 54.526271
SL2.40ch02 8000000 9000000 56.059714
SL2.40ch02 9000000 10000000 53.066638
SL2.40ch02 10000000 11000000 55.703257
SL2.40ch02 11000000 12000000 54.329204
SL2.40ch02 12000000 13000000 55.587440
SL2.40ch02 13000000 14000000 53.531000
SL2.40ch02 14000000 15000000 55.851956
SL2.40ch02 15000000 16000000 52.096722
SL2.40ch02 16000000 17000000 56.028885
SL2.40ch02 17000000 18000000 55.279290
SL2.40ch02 18000000 19000000 55.326313
SL2.40ch02 19000000 20000000 55.365966
SL2.40ch02 20000000 21000000 55.271679
SL2.40ch02 21000000 22000000 53.874529
SL2.40ch02 22000000 23000000 53.275958
SL2.40ch02 23000000 24000000 55.646810
SL2.40ch02 24000000 25000000 55.313688
SL2.40ch02 25000000 26000000 56.064236
SL2.40ch02 26000000 27000000 50.976049
SL2.40ch02 27000000 28000000 51.391376
SL2.40ch02 28000000 29000000 55.500371
SL2.40ch02 29000000 30000000 55.727222
SL2.40ch02 30000000 31000000 55.776034
SL2.40ch02 31000000 32000000 55.473537
SL2.40ch02 32000000 33000000 53.167676
SL2.40ch02 33000000 34000000 55.538193
SL2.40ch02 34000000 35000000 56.183115
SL2.40ch02 35000000 36000000 56.083482
SL2.40ch02 36000000 37000000 51.077522
SL2.40ch02 37000000 38000000 56.250010
SL2.40ch02 38000000 39000000 55.939885
SL2.40ch02 39000000 40000000 54.159764
SL2.40ch02 40000000 41000000 56.034263
SL2.40ch02 41000000 42000000 55.809614
SL2.40ch02 42000000 43000000 55.493437
SL2.40ch02 43000000 44000000 52.668806
SL2.40ch02 44000000 45000000 56.113738
SL2.40ch02 45000000 46000000 56.066970
SL2.40ch02 46000000 47000000 56.009788
SL2.40ch02 47000000 48000000 55.022713
SL2.40ch02 48000000 49000000 55.909892
SL2.40ch02 49000000 49918294 56.069365
SL2.40ch03 0 1000000 54.898087
SL2.40ch03 1000000 2000000 53.860473
SL2.40ch03 2000000 3000000 55.083719
SL2.40ch03 3000000 4000000 56.342627
SL2.40ch03 4000000 5000000 55.919936
SL2.40ch03 5000000 6000000 54.792712
SL2.40ch03 6000000 7000000 47.679466
SL2.40ch03 7000000 8000000 55.808767
SL2.40ch03 8000000 9000000 55.824433
SL2.40ch03 9000000 10000000 55.185624
SL2.40ch03 10000000 11000000 53.902202
SL2.40ch03 11000000 12000000 55.108083
SL2.40ch03 12000000 13000000 55.426994
SL2.40ch03 13000000 14000000 55.666198
SL2.40ch03 14000000 15000000 55.365637
SL2.40ch03 15000000 16000000 54.776708
SL2.40ch03 16000000 17000000 55.901282
SL2.40ch03 17000000 18000000 54.516947
SL2.40ch03 18000000 19000000 55.062148
SL2.40ch03 19000000 20000000 55.564900
SL2.40ch03 20000000 21000000 55.189157
SL2.40ch03 21000000 22000000 55.410827
SL2.40ch03 22000000 23000000 55.653974
SL2.40ch03 23000000 24000000 50.044312
SL2.40ch03 24000000 25000000 55.598049
SL2.40ch03 25000000 26000000 55.577541
SL2.40ch03 26000000 27000000 56.224868
SL2.40ch03 27000000 28000000 54.208977
SL2.40ch03 28000000 29000000 55.128366
SL2.40ch03 29000000 30000000 50.610395
SL2.40ch03 30000000 31000000 49.033068
SL2.40ch03 31000000 32000000 53.630210
SL2.40ch03 32000000 33000000 55.837803
SL2.40ch03 33000000 34000000 55.701188
SL2.40ch03 34000000 35000000 55.771370
SL2.40ch03 35000000 36000000 55.724512
SL2.40ch03 36000000 37000000 55.639796
SL2.40ch03 37000000 38000000 55.931679
SL2.40ch03 38000000 39000000 52.225442
SL2.40ch03 39000000 40000000 54.563215
SL2.40ch03 40000000 41000000 55.329402
SL2.40ch03 41000000 42000000 54.740821
SL2.40ch03 42000000 43000000 55.049506
SL2.40ch03 43000000 44000000 55.776110
SL2.40ch03 44000000 45000000 54.027845
SL2.40ch03 45000000 46000000 55.424574
SL2.40ch03 46000000 47000000 55.445276
SL2.40ch03 47000000 48000000 54.006009
SL2.40ch03 48000000 49000000 55.561403
SL2.40ch03 49000000 50000000 48.706053
SL2.40ch03 50000000 51000000 52.721769
SL2.40ch03 51000000 52000000 54.483182
SL2.40ch03 52000000 53000000 55.507016
SL2.40ch03 53000000 54000000 55.540284
SL2.40ch03 54000000 55000000 53.065307
SL2.40ch03 55000000 56000000 56.014124
SL2.40ch03 56000000 57000000 55.767828
SL2.40ch03 57000000 58000000 56.053860
SL2.40ch03 58000000 59000000 55.932947
SL2.40ch03 59000000 60000000 55.651349
SL2.40ch03 60000000 61000000 55.868686
SL2.40ch03 61000000 62000000 52.759286
SL2.40ch03 62000000 63000000 54.257806
SL2.40ch03 63000000 64000000 56.035941
SL2.40ch03 64000000 64840714 55.555578
SL2.40ch04 0 1000000 54.939345
SL2.40ch04 1000000 2000000 55.970593
SL2.40ch04 2000000 3000000 55.773857
SL2.40ch04 3000000 4000000 53.945843
SL2.40ch04 4000000 5000000 55.074809
SL2.40ch04 5000000 6000000 55.573739
SL2.40ch04 6000000 7000000 52.660778
SL2.40ch04 7000000 8000000 55.534295
SL2.40ch04 8000000 9000000 55.218996
SL2.40ch04 9000000 10000000 55.636767
SL2.40ch04 10000000 11000000 55.824074
SL2.40ch04 11000000 12000000 55.163488
SL2.40ch04 12000000 13000000 49.396717
SL2.40ch04 13000000 14000000 53.613857
SL2.40ch04 14000000 15000000 55.612395
SL2.40ch04 15000000 16000000 54.059859
SL2.40ch04 16000000 17000000 55.545857
SL2.40ch04 17000000 18000000 55.939420
SL2.40ch04 18000000 19000000 56.061718
SL2.40ch04 19000000 20000000 56.034023
SL2.40ch04 20000000 21000000 55.757749
SL2.40ch04 21000000 22000000 55.717145
SL2.40ch04 22000000 23000000 54.803373
SL2.40ch04 23000000 24000000 55.635252
SL2.40ch04 24000000 25000000 52.888254
SL2.40ch04 25000000 26000000 55.965033
SL2.40ch04 26000000 27000000 55.075120
SL2.40ch04 27000000 28000000 55.753303
SL2.40ch04 28000000 29000000 55.324548
SL2.40ch04 29000000 30000000 54.840309
SL2.40ch04 30000000 31000000 55.038299
SL2.40ch04 31000000 32000000 55.833298
SL2.40ch04 32000000 33000000 55.791442
SL2.40ch04 33000000 34000000 48.557991
SL2.40ch04 34000000 35000000 55.910341
SL2.40ch04 35000000 36000000 55.607473
SL2.40ch04 36000000 37000000 55.741247
SL2.40ch04 37000000 38000000 55.727971
SL2.40ch04 38000000 39000000 55.778006
SL2.40ch04 39000000 40000000 55.665159
SL2.40ch04 40000000 41000000 54.295468
SL2.40ch04 41000000 42000000 55.520051
SL2.40ch04 42000000 43000000 54.724765
SL2.40ch04 43000000 44000000 55.852078
SL2.40ch04 44000000 45000000 55.289351
SL2.40ch04 45000000 46000000 55.996338
SL2.40ch04 46000000 47000000 55.983670
SL2.40ch04 47000000 48000000 55.654442
SL2.40ch04 48000000 49000000 55.769748
SL2.40ch04 49000000 50000000 55.444166
SL2.40ch04 50000000 51000000 55.631359
SL2.40ch04 51000000 52000000 55.459255
SL2.40ch04 52000000 53000000 55.454255
SL2.40ch04 53000000 54000000 55.608033
SL2.40ch04 54000000 55000000 55.759743
SL2.40ch04 55000000 56000000 53.686274
SL2.40ch04 56000000 57000000 55.986617
SL2.40ch04 57000000 58000000 55.775564
SL2.40ch04 58000000 59000000 54.652762
SL2.40ch04 59000000 60000000 54.534955
SL2.40ch04 60000000 61000000 56.169617
SL2.40ch04 61000000 62000000 55.800516
SL2.40ch04 62000000 63000000 52.956505
SL2.40ch04 63000000 64000000 55.817957
SL2.40ch04 64000000 64064312 54.818611
SL2.40ch05 0 1000000 55.998405
SL2.40ch05 1000000 2000000 55.727942
SL2.40ch05 2000000 3000000 55.892880
SL2.40ch05 3000000 4000000 55.982254
SL2.40ch05 4000000 5000000 55.984201
SL2.40ch05 5000000 6000000 55.758517
SL2.40ch05 6000000 7000000 52.371589
SL2.40ch05 7000000 8000000 54.546629
SL2.40ch05 8000000 9000000 54.973507
SL2.40ch05 9000000 10000000 55.603003
SL2.40ch05 10000000 11000000 55.486455
SL2.40ch05 11000000 12000000 55.445995
SL2.40ch05 12000000 13000000 55.606390
SL2.40ch05 13000000 14000000 55.145001
SL2.40ch05 14000000 15000000 52.201979
SL2.40ch05 15000000 16000000 54.641520
SL2.40ch05 16000000 17000000 55.604153
SL2.40ch05 17000000 18000000 55.402101
SL2.40ch05 18000000 19000000 55.232099
SL2.40ch05 19000000 20000000 55.626214
SL2.40ch05 20000000 21000000 54.924003
SL2.40ch05 21000000 22000000 55.788437
SL2.40ch05 22000000 23000000 55.767600
SL2.40ch05 23000000 24000000 51.683888
SL2.40ch05 24000000 25000000 55.433035
SL2.40ch05 25000000 26000000 51.660960
SL2.40ch05 26000000 27000000 53.192329
SL2.40ch05 27000000 28000000 54.137737
SL2.40ch05 28000000 29000000 51.814679
SL2.40ch05 29000000 30000000 55.743399
SL2.40ch05 30000000 31000000 53.195049
SL2.40ch05 31000000 32000000 54.200792
SL2.40ch05 32000000 33000000 55.920972
SL2.40ch05 33000000 34000000 55.916261
SL2.40ch05 34000000 35000000 47.806331
SL2.40ch05 35000000 36000000 55.036791
SL2.40ch05 36000000 37000000 55.645759
SL2.40ch05 37000000 38000000 56.008087
SL2.40ch05 38000000 39000000 56.125130
SL2.40ch05 39000000 40000000 55.913917
SL2.40ch05 40000000 41000000 55.256039
SL2.40ch05 41000000 42000000 55.945740
SL2.40ch05 42000000 43000000 55.621066
SL2.40ch05 43000000 44000000 56.082876
SL2.40ch05 44000000 45000000 51.970905
SL2.40ch05 45000000 46000000 56.032758
SL2.40ch05 46000000 47000000 55.540018
SL2.40ch05 47000000 48000000 55.598841
SL2.40ch05 48000000 49000000 55.433490
SL2.40ch05 49000000 50000000 55.772697
SL2.40ch05 50000000 51000000 48.950393
SL2.40ch05 51000000 52000000 55.953090
SL2.40ch05 52000000 53000000 55.682446
SL2.40ch05 53000000 54000000 52.776851
SL2.40ch05 54000000 55000000 55.764666
SL2.40ch05 55000000 56000000 55.292721
SL2.40ch05 56000000 57000000 53.308137
SL2.40ch05 57000000 58000000 55.149964
SL2.40ch05 58000000 59000000 51.816091
SL2.40ch05 59000000 60000000 55.027352
SL2.40ch05 60000000 61000000 54.501407
SL2.40ch05 61000000 62000000 51.318466
SL2.40ch05 62000000 63000000 55.762817
SL2.40ch05 63000000 64000000 55.896252
SL2.40ch05 64000000 65000000 55.767480
SL2.40ch05 65000000 65021438 55.527624
SL2.40ch06 0 1000000 55.993469
SL2.40ch06 1000000 2000000 55.446208
SL2.40ch06 2000000 3000000 52.953805
SL2.40ch06 3000000 4000000 54.676712
SL2.40ch06 4000000 5000000 51.710882
SL2.40ch06 5000000 6000000 54.692446
SL2.40ch06 6000000 7000000 51.212740
SL2.40ch06 7000000 8000000 53.119543
SL2.40ch06 8000000 9000000 54.428322
SL2.40ch06 9000000 10000000 46.386767
SL2.40ch06 10000000 11000000 55.852749
SL2.40ch06 11000000 12000000 55.864739
SL2.40ch06 12000000 13000000 55.481435
SL2.40ch06 13000000 14000000 55.825440
SL2.40ch06 14000000 15000000 52.813891
SL2.40ch06 15000000 16000000 51.343190
SL2.40ch06 16000000 17000000 51.156584
SL2.40ch06 17000000 18000000 51.362908
SL2.40ch06 18000000 19000000 53.105462
SL2.40ch06 19000000 20000000 55.712511
SL2.40ch06 20000000 21000000 51.746289
SL2.40ch06 21000000 22000000 50.413814
SL2.40ch06 22000000 23000000 55.374613
SL2.40ch06 23000000 24000000 53.956535
SL2.40ch06 24000000 25000000 55.350156
SL2.40ch06 25000000 26000000 54.918186
SL2.40ch06 26000000 27000000 55.727817
SL2.40ch06 27000000 28000000 55.022118
SL2.40ch06 28000000 29000000 55.428360
SL2.40ch06 29000000 30000000 55.519920
SL2.40ch06 30000000 31000000 55.332214
SL2.40ch06 31000000 32000000 55.597748
SL2.40ch06 32000000 33000000 55.456313
SL2.40ch06 33000000 34000000 51.328400
SL2.40ch06 34000000 35000000 55.504657
SL2.40ch06 35000000 36000000 53.825269
SL2.40ch06 36000000 37000000 55.778256
SL2.40ch06 37000000 38000000 55.888615
SL2.40ch06 38000000 39000000 55.047308
SL2.40ch06 39000000 40000000 53.482771
SL2.40ch06 40000000 41000000 54.130188
SL2.40ch06 41000000 42000000 53.024879
SL2.40ch06 42000000 43000000 51.503717
SL2.40ch06 43000000 44000000 53.916859
SL2.40ch06 44000000 45000000 55.919741
SL2.40ch06 45000000 46000000 50.006157
SL2.40ch06 46000000 46041636 53.533153
SL2.40ch07 0 1000000 49.795198
SL2.40ch07 1000000 2000000 54.321789
SL2.40ch07 2000000 3000000 55.112678
SL2.40ch07 3000000 4000000 52.775878
SL2.40ch07 4000000 5000000 54.475237
SL2.40ch07 5000000 6000000 55.206558
SL2.40ch07 6000000 7000000 54.969912
SL2.40ch07 7000000 8000000 54.994882
SL2.40ch07 8000000 9000000 55.458316
SL2.40ch07 9000000 10000000 55.729175
SL2.40ch07 10000000 11000000 53.387734
SL2.40ch07 11000000 12000000 54.592260
SL2.40ch07 12000000 13000000 55.979431
SL2.40ch07 13000000 14000000 55.679056
SL2.40ch07 14000000 15000000 55.206382
SL2.40ch07 15000000 16000000 55.535710
SL2.40ch07 16000000 17000000 49.873814
SL2.40ch07 17000000 18000000 53.411163
SL2.40ch07 18000000 19000000 55.748861
SL2.40ch07 19000000 20000000 55.224503
SL2.40ch07 20000000 21000000 55.884501
SL2.40ch07 21000000 22000000 55.912110
SL2.40ch07 22000000 23000000 55.981695
SL2.40ch07 23000000 24000000 55.171796
SL2.40ch07 24000000 25000000 55.431157
SL2.40ch07 25000000 26000000 55.984251
SL2.40ch07 26000000 27000000 55.927500
SL2.40ch07 27000000 28000000 55.170110
SL2.40ch07 28000000 29000000 50.072847
SL2.40ch07 29000000 30000000 51.829853
SL2.40ch07 30000000 31000000 53.180852
SL2.40ch07 31000000 32000000 54.850183
SL2.40ch07 32000000 33000000 52.352791
SL2.40ch07 33000000 34000000 56.064397
SL2.40ch07 34000000 35000000 55.743793
SL2.40ch07 35000000 36000000 55.778539
SL2.40ch07 36000000 37000000 56.113471
SL2.40ch07 37000000 38000000 55.703142
SL2.40ch07 38000000 39000000 49.675952
SL2.40ch07 39000000 40000000 55.790386
SL2.40ch07 40000000 41000000 55.494138
SL2.40ch07 41000000 42000000 54.133915
SL2.40ch07 42000000 43000000 55.351918
SL2.40ch07 43000000 44000000 55.946567
SL2.40ch07 44000000 45000000 55.749187
SL2.40ch07 45000000 46000000 55.430591
SL2.40ch07 46000000 47000000 55.729511
SL2.40ch07 47000000 48000000 54.327924
SL2.40ch07 48000000 49000000 51.156694
SL2.40ch07 49000000 50000000 55.278874
SL2.40ch07 50000000 51000000 55.846721
SL2.40ch07 51000000 52000000 52.969343
SL2.40ch07 52000000 53000000 54.862627
SL2.40ch07 53000000 54000000 54.694753
SL2.40ch07 54000000 55000000 55.173890
SL2.40ch07 55000000 56000000 55.595363
SL2.40ch07 56000000 57000000 53.745771
SL2.40ch07 57000000 58000000 55.428666
SL2.40ch07 58000000 59000000 55.734871
SL2.40ch07 59000000 60000000 55.737768
SL2.40ch07 60000000 61000000 55.404728
SL2.40ch07 61000000 62000000 56.118450
SL2.40ch07 62000000 63000000 55.860623
SL2.40ch07 63000000 64000000 56.134845
SL2.40ch07 64000000 65000000 55.965450
SL2.40ch07 65000000 65268621 55.609331
SL2.40ch08 0 1000000 55.757039
SL2.40ch08 1000000 2000000 55.938099
SL2.40ch08 2000000 3000000 55.526510
SL2.40ch08 3000000 4000000 54.890505
SL2.40ch08 4000000 5000000 52.587085
SL2.40ch08 5000000 6000000 55.734157
SL2.40ch08 6000000 7000000 53.589985
SL2.40ch08 7000000 8000000 55.441875
SL2.40ch08 8000000 9000000 55.828988
SL2.40ch08 9000000 10000000 55.293844
SL2.40ch08 10000000 11000000 55.642368
SL2.40ch08 11000000 12000000 55.889031
SL2.40ch08 12000000 13000000 50.399536
SL2.40ch08 13000000 14000000 55.108852
SL2.40ch08 14000000 15000000 55.793373
SL2.40ch08 15000000 16000000 55.855900
SL2.40ch08 16000000 17000000 53.970115
SL2.40ch08 17000000 18000000 55.380174
SL2.40ch08 18000000 19000000 55.266171
SL2.40ch08 19000000 20000000 55.291628
SL2.40ch08 20000000 21000000 55.253799
SL2.40ch08 21000000 22000000 43.207436
SL2.40ch08 22000000 23000000 54.235504
SL2.40ch08 23000000 24000000 53.228731
SL2.40ch08 24000000 25000000 55.626306
SL2.40ch08 25000000 26000000 54.585201
SL2.40ch08 26000000 27000000 55.654914
SL2.40ch08 27000000 28000000 48.624197
SL2.40ch08 28000000 29000000 55.436558
SL2.40ch08 29000000 30000000 55.435020
SL2.40ch08 30000000 31000000 55.823712
SL2.40ch08 31000000 32000000 55.869759
SL2.40ch08 32000000 33000000 55.578657
SL2.40ch08 33000000 34000000 55.083795
SL2.40ch08 34000000 35000000 51.216185
SL2.40ch08 35000000 36000000 55.506304
SL2.40ch08 36000000 37000000 53.614013
SL2.40ch08 37000000 38000000 53.979672
SL2.40ch08 38000000 39000000 55.691237
SL2.40ch08 39000000 40000000 55.795988
SL2.40ch08 40000000 41000000 55.679236
SL2.40ch08 41000000 42000000 54.007049
SL2.40ch08 42000000 43000000 55.887786
SL2.40ch08 43000000 44000000 54.598031
SL2.40ch08 44000000 45000000 51.019364
SL2.40ch08 45000000 46000000 54.771543
SL2.40ch08 46000000 47000000 55.802075
SL2.40ch08 47000000 48000000 55.303713
SL2.40ch08 48000000 49000000 52.187948
SL2.40ch08 49000000 50000000 55.380198
SL2.40ch08 50000000 51000000 55.449205
SL2.40ch08 51000000 52000000 53.285149
SL2.40ch08 52000000 53000000 55.273471
SL2.40ch08 53000000 54000000 55.267149
SL2.40ch08 54000000 55000000 55.527365
SL2.40ch08 55000000 56000000 55.788480
SL2.40ch08 56000000 57000000 55.882446
SL2.40ch08 57000000 58000000 56.103961
SL2.40ch08 58000000 59000000 55.784981
SL2.40ch08 59000000 60000000 56.151445
SL2.40ch08 60000000 61000000 56.013086
SL2.40ch08 61000000 62000000 55.096295
SL2.40ch08 62000000 63000000 56.214403
SL2.40ch08 63000000 63032657 56.708039
SL2.40ch09 0 1000000 55.524224
SL2.40ch09 1000000 2000000 55.458171
SL2.40ch09 2000000 3000000 52.524109
SL2.40ch09 3000000 4000000 54.760462
SL2.40ch09 4000000 5000000 55.460264
SL2.40ch09 5000000 6000000 55.354189
SL2.40ch09 6000000 7000000 55.451752
SL2.40ch09 7000000 8000000 55.722747
SL2.40ch09 8000000 9000000 48.913042
SL2.40ch09 9000000 10000000 55.985726
SL2.40ch09 10000000 11000000 55.639030
SL2.40ch09 11000000 12000000 52.623281
SL2.40ch09 12000000 13000000 55.369671
SL2.40ch09 13000000 14000000 52.870450
SL2.40ch09 14000000 15000000 55.856660
SL2.40ch09 15000000 16000000 55.124505
SL2.40ch09 16000000 17000000 55.374927
SL2.40ch09 17000000 18000000 53.667505
SL2.40ch09 18000000 19000000 53.208890
SL2.40ch09 19000000 20000000 55.476775
SL2.40ch09 20000000 21000000 55.871422
SL2.40ch09 21000000 22000000 52.884442
SL2.40ch09 22000000 23000000 55.980795
SL2.40ch09 23000000 24000000 55.571392
SL2.40ch09 24000000 25000000 55.910351
SL2.40ch09 25000000 26000000 54.199216
SL2.40ch09 26000000 27000000 54.145382
SL2.40ch09 27000000 28000000 55.451494
SL2.40ch09 28000000 29000000 54.204115
SL2.40ch09 29000000 30000000 55.546881
SL2.40ch09 30000000 31000000 52.310531
SL2.40ch09 31000000 32000000 56.067431
SL2.40ch09 32000000 33000000 54.138449
SL2.40ch09 33000000 34000000 55.944759
SL2.40ch09 34000000 35000000 55.849839
SL2.40ch09 35000000 36000000 48.443857
SL2.40ch09 36000000 37000000 55.341972
SL2.40ch09 37000000 38000000 56.083203
SL2.40ch09 38000000 39000000 55.792128
SL2.40ch09 39000000 40000000 55.981563
SL2.40ch09 40000000 41000000 53.827231
SL2.40ch09 41000000 42000000 52.997977
SL2.40ch09 42000000 43000000 55.788820
SL2.40ch09 43000000 44000000 55.671972
SL2.40ch09 44000000 45000000 51.832689
SL2.40ch09 45000000 46000000 55.765250
SL2.40ch09 46000000 47000000 53.995752
SL2.40ch09 47000000 48000000 54.639542
SL2.40ch09 48000000 49000000 55.042441
SL2.40ch09 49000000 50000000 55.635091
SL2.40ch09 50000000 51000000 52.332264
SL2.40ch09 51000000 52000000 55.989961
SL2.40ch09 52000000 53000000 55.697115
SL2.40ch09 53000000 54000000 55.789373
SL2.40ch09 54000000 55000000 47.779918
SL2.40ch09 55000000 56000000 54.927195
SL2.40ch09 56000000 57000000 53.729569
SL2.40ch09 57000000 58000000 47.703201
SL2.40ch09 58000000 59000000 55.375521
SL2.40ch09 59000000 60000000 52.316000
SL2.40ch09 60000000 61000000 55.330176
SL2.40ch09 61000000 62000000 53.835935
SL2.40ch09 62000000 63000000 55.981140
SL2.40ch09 63000000 64000000 55.741214
SL2.40ch09 64000000 65000000 55.904451
SL2.40ch09 65000000 66000000 56.060746
SL2.40ch09 66000000 67000000 55.883554
SL2.40ch09 67000000 67662091 53.320229
SL2.40ch10 0 1000000 55.129944
SL2.40ch10 1000000 2000000 53.608429
SL2.40ch10 2000000 3000000 55.141442
SL2.40ch10 3000000 4000000 55.218519
SL2.40ch10 4000000 5000000 52.410828
SL2.40ch10 5000000 6000000 54.177629
SL2.40ch10 6000000 7000000 46.204870
SL2.40ch10 7000000 8000000 55.278799
SL2.40ch10 8000000 9000000 53.004867
SL2.40ch10 9000000 10000000 56.073769
SL2.40ch10 10000000 11000000 55.284157
SL2.40ch10 11000000 12000000 55.469442
SL2.40ch10 12000000 13000000 55.691816
SL2.40ch10 13000000 14000000 55.624720
SL2.40ch10 14000000 15000000 55.574314
SL2.40ch10 15000000 16000000 52.009220
SL2.40ch10 16000000 17000000 55.124042
SL2.40ch10 17000000 18000000 56.131523
SL2.40ch10 18000000 19000000 53.645917
SL2.40ch10 19000000 20000000 55.600282
SL2.40ch10 20000000 21000000 55.490730
SL2.40ch10 21000000 22000000 55.574222
SL2.40ch10 22000000 23000000 45.072410
SL2.40ch10 23000000 24000000 51.723413
SL2.40ch10 24000000 25000000 55.412090
SL2.40ch10 25000000 26000000 56.012413
SL2.40ch10 26000000 27000000 56.146888
SL2.40ch10 27000000 28000000 55.490350
SL2.40ch10 28000000 29000000 53.010542
SL2.40ch10 29000000 30000000 55.551205
SL2.40ch10 30000000 31000000 55.282489
SL2.40ch10 31000000 32000000 55.900328
SL2.40ch10 32000000 33000000 53.067935
SL2.40ch10 33000000 34000000 55.714105
SL2.40ch10 34000000 35000000 51.715569
SL2.40ch10 35000000 36000000 55.711466
SL2.40ch10 36000000 37000000 47.648513
SL2.40ch10 37000000 38000000 52.903908
SL2.40ch10 38000000 39000000 55.562061
SL2.40ch10 39000000 40000000 54.504460
SL2.40ch10 40000000 41000000 56.001778
SL2.40ch10 41000000 42000000 51.879314
SL2.40ch10 42000000 43000000 55.635960
SL2.40ch10 43000000 44000000 52.183722
SL2.40ch10 44000000 45000000 55.628875
SL2.40ch10 45000000 46000000 54.138105
SL2.40ch10 46000000 47000000 55.087339
SL2.40ch10 47000000 48000000 55.104710
SL2.40ch10 48000000 49000000 53.691223
SL2.40ch10 49000000 50000000 53.931266
SL2.40ch10 50000000 51000000 55.248068
SL2.40ch10 51000000 52000000 55.364332
SL2.40ch10 52000000 53000000 55.051412
SL2.40ch10 53000000 54000000 54.259259
SL2.40ch10 54000000 55000000 54.313658
SL2.40ch10 55000000 56000000 55.720471
SL2.40ch10 56000000 57000000 50.854874
SL2.40ch10 57000000 58000000 51.870107
SL2.40ch10 58000000 59000000 55.025520
SL2.40ch10 59000000 60000000 55.759686
SL2.40ch10 60000000 61000000 53.343130
SL2.40ch10 61000000 62000000 56.072396
SL2.40ch10 62000000 63000000 53.752305
SL2.40ch10 63000000 64000000 55.770907
SL2.40ch10 64000000 64834305 56.138081
SL2.40ch11 0 1000000 55.861888
SL2.40ch11 1000000 2000000 55.167619
SL2.40ch11 2000000 3000000 55.793543
SL2.40ch11 3000000 4000000 55.404549
SL2.40ch11 4000000 5000000 54.491071
SL2.40ch11 5000000 6000000 55.772307
SL2.40ch11 6000000 7000000 55.322084
SL2.40ch11 7000000 8000000 54.524407
SL2.40ch11 8000000 9000000 55.207481
SL2.40ch11 9000000 10000000 55.267413
SL2.40ch11 10000000 11000000 55.256628
SL2.40ch11 11000000 12000000 55.035071
SL2.40ch11 12000000 13000000 50.457009
SL2.40ch11 13000000 14000000 45.695617
SL2.40ch11 14000000 15000000 53.668685
SL2.40ch11 15000000 16000000 49.008783
SL2.40ch11 16000000 17000000 55.396523
SL2.40ch11 17000000 18000000 52.887151
SL2.40ch11 18000000 19000000 55.279840
SL2.40ch11 19000000 20000000 55.840864
SL2.40ch11 20000000 21000000 55.101049
SL2.40ch11 21000000 22000000 55.882919
SL2.40ch11 22000000 23000000 55.827432
SL2.40ch11 23000000 24000000 51.969788
SL2.40ch11 24000000 25000000 55.630240
SL2.40ch11 25000000 26000000 55.243999
SL2.40ch11 26000000 27000000 55.975414
SL2.40ch11 27000000 28000000 55.849953
SL2.40ch11 28000000 29000000 53.723110
SL2.40ch11 29000000 30000000 54.751832
SL2.40ch11 30000000 31000000 55.619383
SL2.40ch11 31000000 32000000 55.770465
SL2.40ch11 32000000 33000000 55.744908
SL2.40ch11 33000000 34000000 55.920189
SL2.40ch11 34000000 35000000 55.861770
SL2.40ch11 35000000 36000000 48.167170
SL2.40ch11 36000000 37000000 50.590758
SL2.40ch11 37000000 38000000 52.415294
SL2.40ch11 38000000 39000000 54.761438
SL2.40ch11 39000000 40000000 55.792378
SL2.40ch11 40000000 41000000 55.309912
SL2.40ch11 41000000 42000000 50.136011
SL2.40ch11 42000000 43000000 51.715091
SL2.40ch11 43000000 44000000 51.146050
SL2.40ch11 44000000 45000000 55.996304
SL2.40ch11 45000000 46000000 50.093664
SL2.40ch11 46000000 47000000 51.148368
SL2.40ch11 47000000 48000000 51.594929
SL2.40ch11 48000000 49000000 55.036064
SL2.40ch11 49000000 50000000 55.800500
SL2.40ch11 50000000 51000000 55.586248
SL2.40ch11 51000000 52000000 55.995613
SL2.40ch11 52000000 53000000 55.906183
SL2.40ch11 53000000 53386025 56.136240
SL2.40ch12 0 1000000 53.077685
SL2.40ch12 1000000 2000000 53.331987
SL2.40ch12 2000000 3000000 55.927313
SL2.40ch12 3000000 4000000 55.789900
SL2.40ch12 4000000 5000000 53.761407
SL2.40ch12 5000000 6000000 53.917060
SL2.40ch12 6000000 7000000 55.259616
SL2.40ch12 7000000 8000000 51.094431
SL2.40ch12 8000000 9000000 55.788102
SL2.40ch12 9000000 10000000 55.596032
SL2.40ch12 10000000 11000000 54.883666
SL2.40ch12 11000000 12000000 53.908322
SL2.40ch12 12000000 13000000 55.886274
SL2.40ch12 13000000 14000000 55.523602
SL2.40ch12 14000000 15000000 55.652483
SL2.40ch12 15000000 16000000 55.568534
SL2.40ch12 16000000 17000000 54.929036
SL2.40ch12 17000000 18000000 51.907598
SL2.40ch12 18000000 19000000 55.942929
SL2.40ch12 19000000 20000000 55.040131
SL2.40ch12 20000000 21000000 56.011765
SL2.40ch12 21000000 22000000 55.957067
SL2.40ch12 22000000 23000000 46.725090
SL2.40ch12 23000000 24000000 55.775660
SL2.40ch12 24000000 25000000 52.563933
SL2.40ch12 25000000 26000000 55.673558
SL2.40ch12 26000000 27000000 52.458114
SL2.40ch12 27000000 28000000 55.903491
SL2.40ch12 28000000 29000000 54.487908
SL2.40ch12 29000000 30000000 44.914869
SL2.40ch12 30000000 31000000 55.561912
SL2.40ch12 31000000 32000000 51.387611
SL2.40ch12 32000000 33000000 54.664901
SL2.40ch12 33000000 34000000 52.442865
SL2.40ch12 34000000 35000000 54.195200
SL2.40ch12 35000000 36000000 55.650858
SL2.40ch12 36000000 37000000 55.646054
SL2.40ch12 37000000 38000000 55.399184
SL2.40ch12 38000000 39000000 54.374796
SL2.40ch12 39000000 40000000 54.126991
SL2.40ch12 40000000 41000000 55.576874
SL2.40ch12 41000000 42000000 55.596985
SL2.40ch12 42000000 43000000 55.571927
SL2.40ch12 43000000 44000000 55.108409
SL2.40ch12 44000000 45000000 55.101091
SL2.40ch12 45000000 46000000 55.341289
SL2.40ch12 46000000 47000000 55.194552
SL2.40ch12 47000000 48000000 55.490165
SL2.40ch12 48000000 49000000 55.046759
SL2.40ch12 49000000 50000000 55.356519
SL2.40ch12 50000000 51000000 55.229446
SL2.40ch12 51000000 52000000 46.478566
SL2.40ch12 52000000 53000000 53.961327
SL2.40ch12 53000000 54000000 55.713932
SL2.40ch12 54000000 55000000 55.697998
SL2.40ch12 55000000 56000000 49.997414
SL2.40ch12 56000000 57000000 55.761888
SL2.40ch12 57000000 58000000 55.883268
SL2.40ch12 58000000 59000000 54.939397
SL2.40ch12 59000000 60000000 55.455236
SL2.40ch12 60000000 61000000 55.773071
SL2.40ch12 61000000 62000000 55.645320
SL2.40ch12 62000000 63000000 55.751325
SL2.40ch12 63000000 64000000 51.677307
SL2.40ch12 64000000 65000000 55.917804
SL2.40ch12 65000000 65486253 56.237275
